gene	HM_MG10	HM_MG11	HM_MG12	HM_MG13	HM_MG14	HM_MG15	HM_MG16	HM_MG17	HM_MG18	HM_MG19	HM_MG20	HM_MG21	HM_MG22	HM_MG23	HM_MG24	HM_MG3	HM_MG4	HM_MG5	HM_MG6	HM_MG7	HM_MG8	HM_MG9
HM_MG11_290740	0.0	0.00518261610952	0.00197018547134	0.00279122730993	0.0	0.0	0.00543404257838	0.0017943473716	0.00143764407482	0.0	0.0	0.0100009637144	0.00369982186621	0.0	0.0	0.000410814610723	0.0	0.0	0.0	0.0	0.000110764588678	0.0
HM_MG11_314215	0.0	0.00164989991898	0.000637537894064	5.21089123212e-05	0.0	0.0	0.00121736466326	0.000689108091329	0.000247745736988	0.0	0.0	0.000231773662757	0.000184190058546	0.0	0.0	0.0	0.0	0.0	0.00138014428595	0.000185310251981	0.0	0.0
HM_MG11_505973	0.0	0.00139112342009	0.000394037094267	6.97806827483e-05	0.0	0.0	0.0018018139623	0.000422952228843	0.000165882167114	0.0	0.0	0.00274164602414	0.000739964373241	0.0	0.0	0.000123244099756	0.0	0.0	0.000132013900275	0.0	0.0	0.0
HM_MG11_538566	0.0	0.00102222956244	0.000144774130985	0.000410212335693	0.0	0.0	0.00113487200436	0.000310796398194	0.000365681635568	0.0	0.0	0.00201462704254	0.000785405509667	0.0	0.0	3.01874812207e-05	0.0	0.0	0.0	0.0	0.0	0.0
HM_MG11_621203	0.0	0.00419899890744	0.001744694831	0.0	0.0	0.0	0.0055580420574	0.00159520006792	2.41473403245e-05	0.0	0.0	0.000451810712221	2.99210878642e-05	0.0	0.0	0.0	0.0	0.0	0.00701426463355	0.00115144568798	0.0	0.0
HM_MG11_739142	0.0	0.000208095411518	0.000167005995079	0.0	0.0	0.0	0.000109095268542	7.60502172863e-05	0.0	0.0	0.0	1.46163346016e-05	0.0	0.0	0.0	0.0	0.0	0.0	0.000186505984588	2.6293991871e-05	0.0	0.0
HM_MG11_75236	0.0	0.00271579247515	0.00101374155455	0.0	0.0	0.0	0.00284754487544	0.00148381893336	5.12120025913e-05	0.0	0.0	0.00239551194649	0.000698026345648	0.0	0.0	0.0	0.0	0.0	0.00142645880017	4.78822474353e-05	0.0	0.0
HM_MG12_135278	0.0	0.000323107847538	0.000518617370775	0.0	0.0	0.0	0.000148217710997	0.000341595873947	1.63746368799e-05	0.0	0.0	0.0	0.0	0.0	0.0	0.0	0.0	0.0	0.0016289282396	0.000857357501974	0.0	0.0
HM_MG12_135511	0.0	0.000439743882918	0.00124696507629	4.99985555395e-05	0.0	0.0	0.000553294022923	0.000661200460573	7.13136876515e-05	0.0	0.0	0.0	0.0	0.0	0.0	0.0	0.0	0.0	0.00141883915396	0.00111128447809	0.0	0.0
HM_MG12_162176	0.0	0.00297801040617	0.00162519655068	0.0002031590351	0.0	0.0	0.00237309368192	0.00134332567481	0.000289768083894	0.0	0.0	0.00165664284745	0.000478737405827	0.0	0.0	0.0	0.0	0.0	0.0	0.000451546069599	0.0	0.0
HM_MG12_191354	0.0	0.00137457123256	0.000636436757129	0.0	0.0	0.0	0.00171842142654	0.000869450443328	0.0	0.0	0.0	0.0	0.0	0.0	0.0	0.0	0.0	0.0	0.00571441584231	0.000641297298686	0.0	0.0
HM_MG12_28844	0.0	0.00219920217496	0.00114927429185	0.000392515287207	0.0	0.0	0.00166238633134	0.000672879269451	0.00029029459366	0.0	0.0	0.00116390639835	0.000565248593083	0.0	0.0	0.000154054912099	0.0	0.0	8.25085168789e-05	0.00065916051856	4.15366061131e-05	0.0
HM_MG12_299892	0.0	0.0	0.000544315097358	0.000530165149983	0.0	0.0	5.92616273563e-05	0.000292129406084	0.000664524000833	0.0	0.0	0.000321559718167	0.000681446854861	0.0	0.0	5.67489270995e-05	0.0	0.0	4.55903517881e-05	0.000321371011757	2.29511880278e-05	0.0
HM_MG12_303597	0.0	0.00382126008927	0.00224282788278	0.0	0.0	0.0	0.00544182769726	0.00300144326943	0.0	0.0	0.0	0.00274007909596	0.000114606971045	0.0	0.0	0.0	0.0	0.0	0.00662471989944	0.000172956249452	0.0	0.0
HM_MG12_32415	0.0	0.00969569157541	0.00534006099302	0.0	0.0	0.0	0.0136544176849	0.00384113954611	7.70764515073e-05	0.0	0.0	0.000841251258183	0.0	0.0	0.0	0.0	0.0	0.0	0.0142614909548	0.00281053557555	0.0	0.0
HM_MG12_344548	0.0	0.00143771967714	0.00157341139473	0.00267492416582	0.0	0.0	0.00150746838591	0.000982617093192	0.00084784096658	0.0	0.0	0.00165245961323	0.00170716846691	0.0	0.0	0.00131232035648	0.0	0.0	0.000210855604744	0.00168452132521	0.00127379322837	0.0
HM_MG12_407908	0.0	0.00470527620387	0.00386610084239	0.0	0.0	0.0	0.00740030311642	0.00484291179607	0.0	0.0	0.0	0.0	0.0	0.0	0.0	0.0	0.0	0.0	0.0256641343754	0.00297268720958	0.0	0.0
HM_MG12_445828	0.0	0.00291048041715	0.00288080985676	0.00223370167076	0.0	0.0	0.00244133631714	0.00264395286027	0.00196664446169	0.0	0.0	0.00257579078118	0.00272930187438	0.0	0.0	0.00194818613195	0.0	0.0	0.00078255542803	0.00132391800812	0.00236374308426	7.93152872858e-05
HM_MG12_485167	0.0	0.0015803937179	0.00161424862131	0.0	0.0	0.0	0.00128045964763	0.00135016263312	0.000116497382331	0.0	0.0	0.0	0.0	0.0	0.0	0.0	0.0	0.0	0.00579448361298	0.00315876776744	0.0	0.0
HM_MG12_538037	0.0	0.00818307063829	0.00453142771693	0.000488465982955	0.0	0.0	0.0144145176186	0.00684414812614	0.000729882176271	0.0	0.0	0.00455215836326	0.00172658164655	0.0	0.0	0.0	0.0	0.0	0.0256107103168	0.0052112401732	0.0	0.0
HM_MG12_569959	0.0	0.00161678707444	0.000765219932844	0.0	0.0	0.0	0.00147788789429	0.000857084489629	0.0	0.0	0.0	0.00193927528679	0.000249914053281	0.0	0.0	0.0	0.0	0.0	0.000267517443661	3.14292930266e-05	0.0	0.0
HM_MG12_637440	0.0	0.000430051974377	0.000649666260349	2.15719822813e-05	0.0	0.0	0.000344815643649	0.000451687617067	0.0	0.0	0.0	0.0	0.0	0.0	0.0	0.0	0.0	0.0	0.00114270098923	0.00101646558237	0.0	0.0
HM_MG12_646357	0.0	0.000276155589998	0.000443255196415	0.000362292358804	0.0	0.0	0.00020045970683	0.00033936994922	0.000223922085711	0.0	0.0	0.000429713098663	0.000256119803486	0.0	0.0	0.000255947015437	0.0	0.0	0.000205619773733	0.000193258164836	0.000379549826548	0.0
HM_MG12_73924	0.0	0.00195167032266	0.000728873351127	0.0	0.0	0.0	0.00218818082789	0.000799008813495	1.56685414993e-05	0.0	0.0	0.000244306232733	0.0	0.0	0.0	0.0	0.0	0.0	0.00208863930335	0.000380893674674	0.0	0.0
HM_MG13_207949	0.0	0.0003528950095	0.000566428464616	0.00300929269584	0.0	0.0	0.0	0.000994900801757	0.00162149670702	0.0	0.0	0.000446164059879	0.00106369701371	0.000229639172417	0.0	0.00425191761484	9.070223062e-05	0.0	0.0	0.0007134436461	0.0071650811775	0.0
HM_MG13_262578	0.0	0.0015980158831	0.00163872286241	0.00166552072801	0.0	0.0	0.00167554111016	0.00141830670537	0.00158370475164	0.0	0.0	0.00168363755773	0.0016947785241	0.0	0.0	0.00178277519828	0.0	0.0	0.00100255961815	0.00107689788685	0.00136992683592	0.0
HM_MG14_379804	0.0	0.0	0.0	0.0	0.000808715689308	2.38984151756e-05	0.0	0.0	0.0	0.00157262590015	1.90078600535e-05	0.0	0.0	0.00153604969026	0.0	6.32019207329e-05	0.00043682667253	0.0	0.0	0.0	0.0	0.000385965074251
HM_MG16_06653	0.0	0.00160667733821	0.000368409604814	0.0	0.0	0.0	0.00224616368286	0.000718989605276	0.0	0.0	0.0	0.000580377347715	0.0	0.0	0.0	7.6818828625e-05	0.0	0.0	0.000246855131078	0.000116007123028	6.21362718191e-05	0.0
HM_MG16_12668	0.0	0.000430359698825	0.000368409604814	2.44657903606e-05	0.0	0.0	0.000631734275836	0.00043139429378	0.0	0.0	0.0	0.000145093979998	0.0	0.0	0.0	0.0	0.0	0.0	0.000462853655426	0.000108756744725	0.0	0.0
HM_MG16_135503	0.0	0.00199428592401	0.000600189866821	0.000956596369589	0.0	0.0	0.00222172492185	0.000819933567157	0.00101067212405	0.0	0.0	0.00504272467037	0.00162802657257	0.0	0.0	0.0	0.0	0.0	0.0	9.4495919455e-05	0.0	0.0
HM_MG16_254859	0.0	0.00105010262187	0.000680686148785	6.88822283211e-05	0.0	0.0	0.00110104669887	0.000379553329336	0.0	0.0	0.0	0.000714883319175	0.000121739414087	0.0	0.0	4.0552522521e-05	0.0	0.0	6.51573117633e-05	0.0	0.0	0.0
HM_MG16_372571	0.0	0.000805405222282	0.000408236323018	3.61476238625e-05	0.0	0.0	0.000844478189827	0.000557701593433	0.000103115793233	0.0	0.0	0.000160779680618	8.51808568576e-05	0.0	0.0	0.0	0.0	0.0	0.000205156583046	3.21371011757e-05	0.0	0.0
HM_MG16_412002	0.0	0.00280911485462	0.000563609916576	0.0	0.0	0.0	0.00294539464336	0.000395981131375	0.0	0.0	0.0	0.0	0.0	0.0	0.0	0.0	0.0	0.0	0.00113295440054	0.000532420695309	0.0	0.0
HM_MG16_412326	0.0	0.000534689579434	0.000228859756844	0.0	0.0	0.0	0.0012707593303	0.000133993505288	0.0	0.0	0.0	0.00054080438026	0.000179073534084	0.0	0.0	0.000178952724345	0.0	0.0	0.000575062396386	0.000216195044273	0.0	0.0
HM_MG16_418698	0.0	0.000409154943494	0.000229854405227	0.0	0.0	0.0	0.000772206829592	0.000384503955726	3.31765249898e-05	0.0	0.0	5.17293318961e-05	4.11091948806e-05	0.0	0.0	0.0	0.0	0.0	0.000462047512343	0.000124077248901	0.0	0.0
HM_MG16_456915	0.0	0.00235263245561	0.00106205337116	0.0	0.0	0.0	0.00308346949891	0.00110544621964	0.000476910257555	0.0	0.0	0.0026026248724	0.000886414178088	0.0	0.0	0.00103345125318	0.0	0.0	0.00426982565448	0.000780329054808	0.000597090862401	0.0
HM_MG16_47447	0.0	0.000311950718918	0.000166903358241	0.0	0.0	0.0	0.000817712773515	0.000122148614302	0.0	0.0	0.0	0.0	0.0	0.0	0.0	0.0	0.0	0.0	0.000419381137163	0.000216792197202	0.0	0.0
HM_MG16_501705	0.0	0.00307651046122	0.000726190745918	0.000154322788772	0.0	0.0	0.00379502344416	0.00153061641401	0.0	0.0	0.0	0.00137281111912	0.000363656735046	0.0	0.0	0.000181705982732	0.0	0.0	0.00233563334609	0.000960405978378	0.00014697610646	0.0
HM_MG16_550453	0.0	0.00181606829789	0.00105998250869	0.000140785545765	0.0	0.0	0.00199072594013	0.000930900822982	0.000133869686544	0.0	0.0	0.000208731609117	8.29394345103e-05	0.0	0.0	0.0	0.0	0.0	0.000799033539196	0.000312914555763	0.0	0.0
HM_MG3_08487	0.0	0.000635846228117	0.00306177242264	0.00574748423131	0.0	0.0	0.000533354646206	0.00370474527886	0.0053620212481	0.0	0.0	0.00337637686229	0.00830514772624	0.000248258691387	0.0	0.00766110515843	0.0	0.0	0.000205156583046	9.64113035271e-05	0.006609942152	0.0
HM_MG3_168587	0.0	0.0	0.0	0.000299061100679	4.41735030244e-05	0.0	0.0	0.0	9.4789842482e-05	0.0	0.0	0.0	0.00029363710629	0.00039937391151	0.0	0.00187800397979	0.0	0.0	0.0	0.0	0.00237353345118	0.00047786097096
HM_MG3_168695	0.0	0.0	0.0	0.0	0.0	0.0	0.0	0.0	0.0	0.0	0.0	0.0	0.0	0.000171159696656	0.0	0.00305174300276	0.0	0.0	0.0	0.0	0.00175641016822	4.7786097096e-05
HM_MG3_257906	0.0	0.00017644750475	0.000566428464616	0.00601858539169	0.0	0.0	0.0	0.000386904982994	0.00352914918311	0.0	0.0	0.00394112775997	0.00632309725878	0.0	0.0	0.00271650197572	0.0	0.0	0.000853965130896	0.000178361018542	0.00248388716545	0.0
HM_MG3_275591	0.0	0.0	0.0	2.06292551399e-05	0.0	0.0	0.0	0.0	1.96158767876e-05	0.0	0.0	9.17559589672e-05	0.0	7.08397632327e-05	0.0	0.00320625768888	3.73068860353e-05	0.0	0.0	0.0	0.0026327144996	1.9777824965e-05
HM_MG3_275726	0.0	0.0	0.0	0.00030473783042	0.000180049285783	0.0	0.00012489965189	0.0	0.000289768083894	7.25865052796e-05	0.0	0.0	0.000119684635109	0.000813912281475	0.0	0.00430574689185	0.000275550253712	0.0	0.0	0.0	0.00551438404377	0.000486934002982
HM_MG3_420972	0.0	0.0	0.0	0.000617290192113	0.0	0.0	0.0	0.0	0.000167705035494	0.0	0.0	6.53719580534e-05	0.000103901924299	5.04701175018e-05	0.0	0.00306305310362	0.0	0.0	0.0	0.0	0.0015957403879	0.0
HM_MG3_525628	0.0	0.0	0.0	3.74989166546e-05	6.6466678757e-05	0.0	0.0	0.0	3.56568438258e-05	0.000133979707343	0.0	0.0	0.0	0.000558001366813	0.0	0.00198687858224	0.00301774787267	0.0	0.0	0.0	0.00242853834637	0.00427819656467
HM_MG3_549570	0.0	0.0	0.000671321953408	0.00276409552699	0.0	0.0	0.000109634010609	0.000393046837277	0.00203482060897	0.0	0.0	0.000528786505143	0.000630338340746	0.00010206179317	0.0	0.00724402038653	0.0	0.0	0.0	0.0007134436461	0.00764274561325	0.0
HM_MG3_637829	0.0	0.0	0.000271668154485	0.0010391809909	0.0	0.0	0.0	0.000318113561957	0.000439170953143	0.0	0.0	0.000427974843486	0.000748244190796	0.0	0.0	0.000951667035166	0.0	0.0	0.0	0.000205307812002	0.00142957928936	0.0
HM_MG3_94216	0.0	5.00560397275e-05	0.000421807949031	0.00305197650344	0.0	0.0	5.24844297622e-05	0.000329280328556	0.00182646695922	0.0	0.0	0.00158214058808	0.00309303235908	2.44297138511e-05	0.0	0.00198523450743	0.0	0.0	0.000242259660054	0.000189745878254	0.00150415803991	0.0
HM_MG4_03568	0.0	0.0	0.0	0.0	0.0	0.0	0.0	0.0	0.0	0.0	0.0	0.0	0.0	0.000107433698552	0.0	0.000110511307266	0.00169735011831	0.0	0.0	0.0	0.0	0.000134974911255
HM_MG4_132103	0.0	0.0	0.0	0.0	0.000123685979155	0.0	0.0	0.0	0.0	4.98637522493e-05	0.0	0.0	0.0	0.0	0.0	8.21626386834e-05	0.00239769340784	0.0	0.0	0.0	0.0	0.000133801256515
HM_MG4_153647	0.0	0.0	0.0	0.0	0.0	0.0	0.0	0.0	0.0	0.0	0.0	0.0	0.0	0.000143524448315	0.0	0.0	0.0030989879816	0.0	0.0	0.0	0.0	0.000120212019517
HM_MG4_16962	0.0	0.0	0.0	0.0	0.0	0.0	0.0	0.0	0.0	0.0	0.0	0.0	0.0	0.000507489914244	0.0	0.0	0.00184410911252	0.0	0.0	0.0	0.0	0.0
HM_MG4_26195	0.0	0.0	0.0	0.0	7.33191094422e-05	0.0	0.0	0.0	0.0	0.0	0.0	0.0	0.0	0.0	0.0	0.0	0.00134650691477	0.0	0.0	0.0	0.0	0.000317260687529
HM_MG4_289806	0.0	0.0	0.0	0.0	0.000424593819008	0.000106650774834	0.0	0.0	0.0	8.5586983523e-05	0.0	0.0	0.0	0.0	0.0	0.0	0.00249092797015	0.0	0.0	0.0	0.0	0.000114829364218
HM_MG4_543076	0.0	0.0	0.0	0.0	0.0	0.0	0.0	0.0	0.0	0.0	0.0	0.0	0.0	0.0	0.0	0.0	0.00367520065131	0.0	0.0	0.0	0.0	0.0
HM_MG6_08887	0.0	0.000429377239119	8.61487848977e-05	0.0	0.0	0.0	0.000412691223833	0.000201754209094	0.0	0.0	0.0	0.0	0.0	0.0	0.0	0.0	0.0	0.0	0.00178946457525	0.000379780701473	0.0	0.0
HM_MG6_102349	0.0	0.0	8.99091901886e-05	0.0	0.0	0.0	0.0	0.0	0.0	0.0	0.0	0.0	0.0	0.0	0.0	0.0	0.0	0.0	0.0061449509027	0.00450148432099	0.0	0.0
HM_MG6_143137	0.0	0.0	0.0	0.0	0.0	0.0	0.0	0.00017340325054	0.0	0.0	0.0	0.0	0.0	0.0	0.0	0.0	0.0	0.0	0.0113117815307	0.00867325033122	0.0	0.0
HM_MG6_217211	0.0	0.000336091560728	0.000647346169358	0.0	0.0	0.0	0.000563832054561	0.000821188468702	0.0	0.0	0.0	0.0	0.0	0.0	0.0	0.0	0.0	0.0	0.00694016323259	0.00168168966455	0.0	0.0
HM_MG6_249196	0.0	0.000825486359902	0.000353326747658	0.0	0.0	0.0	0.000865533532253	0.000568884278445	4.46233051536e-05	0.0	0.0	0.0	0.0	0.0	0.0	0.0	0.0	0.0	0.00115415550819	0.00116821305732	0.0	0.0
HM_MG6_297686	0.0	0.0	0.000183088032046	0.0	0.0	0.0	0.0	0.0	0.0	0.0	0.0	0.0	0.0	0.0	0.0	0.0	0.0	0.0	0.00616467180412	0.000821541168237	0.0	0.0
HM_MG6_323452	0.0	0.000220559380937	0.000354017790385	0.0	0.0	0.0	0.000192716325661	0.000276362218178	0.0	0.0	0.0	0.0	0.0	0.0	0.0	0.0	0.0	0.0	0.00361749193857	0.00069672336409	0.0	0.0
HM_MG6_371212	0.0	0.0	0.0	0.0	0.0	0.0	0.0	0.0	0.0	0.0	0.0	0.0	0.0	0.0	0.0	0.0	0.0	0.0	0.000695651381829	1.92303148216e-05	0.0	0.0
HM_MG6_492933	0.0	0.00113753588942	0.000553287324237	2.9394771053e-05	0.0	0.0	0.00191558622241	0.001230970864	5.59016021921e-05	0.0	0.0	0.000871626107379	0.00020780413225	0.0	0.0	0.0	0.0	0.0	0.00205757774499	0.000182934482264	0.0	0.0
HM_MG6_503589	0.0	0.000409154943494	0.000197018547134	0.0	0.0	0.0	0.000214501633987	7.69005258382e-05	0.0	0.0	0.0	0.0	0.0	0.0	0.0	0.0	0.0	0.0	0.0021122224044	0.000248154497803	0.0	0.0
HM_MG6_509362	0.0	0.000621450934889	0.000854985250203	7.57053782079e-05	0.0	0.0	0.000744683622241	0.0011680188474	0.0	0.0	0.0	0.0	0.0	0.0	0.0	0.0	0.0	0.0	0.00587213750888	0.00195187675106	0.0	0.0
HM_MG6_513307	0.0	0.000795744368501	0.000222128774113	0.0	0.0	0.0	0.000906901226674	9.75392786837e-05	5.61071699184e-05	0.0	0.0	0.000393673750562	0.0	0.0	0.0	0.0	0.0	0.0	0.00133955475397	0.000445902011271	0.0	0.0
HM_MG6_63059	0.0	0.0195130048869	0.0127168854591	0.000236022918773	0.0	0.0	0.0259010609075	0.0146309050679	0.00151489450347	0.0	0.0	0.0180215300929	0.00479707497504	0.0	0.0	0.0	0.0	0.0	0.0102698985262	0.00640002397173	0.0	0.0
HM_MG6_66222	0.0	5.34689579434e-05	2.14556305255e-05	0.0	0.0	0.0	2.80314601686e-05	2.51237656597e-05	0.0	0.0	0.0	0.0	0.0	0.0	0.0	0.0	0.0	0.0	0.000431295658669	0.000121609872928	0.0	0.0
HM_MG7_344469	0.0	0.00015178268443	0.00133993864447	0.00129431845539	0.0	0.0	0.00031829295728	0.00221088978622	0.002338413008	0.0	4.5833319125e-05	0.00163113654048	0.00183001554416	0.0	0.0	0.000152398364996	0.0	0.0	0.000857025741925	0.00270418242487	0.0	0.0
HM_MG7_404750	0.0	4.63574177119e-05	0.000558056651909	0.00106733593336	0.0	0.0	4.86063749171e-05	0.000392078467163	0.00124043869709	0.0	0.0	0.00011721872033	0.000419190228737	0.0	0.0	0.00023272672642	0.0	0.0	0.0	0.000492030469782	7.52980100563e-05	0.0
HM_MG7_507302	0.0	0.0	0.0	8.8184313159e-05	0.0	0.0	0.0	0.000194364085938	8.38524032882e-05	0.0	0.0	0.0	0.0	0.0	0.0	0.0	0.0	0.0	0.0	0.00164641055441	0.0	0.0
HM_MG7_664075	0.0	0.00461301533258	0.00103660034167	0.000157348692763	0.0	0.0	0.004643334991	0.00121382142724	0.0	0.0	0.0	0.0	0.0	0.0	0.0	0.0	0.0	0.0	0.00535820990691	0.00251803765702	0.0	0.0
HM_MG8_178002	0.0	0.0	0.0	0.0	0.0	0.0	0.0	0.0	0.0	0.0	0.0	0.0	0.0	0.0	0.0	0.000229655991519	0.0	0.0	0.0	0.0	0.000265373971381	0.0
HM_MG8_242114	0.0	0.0	0.000293296658978	7.79105878954e-05	0.0	0.0	0.0	0.000257579552268	0.0	0.0	0.0	0.000115511875103	0.000458983843151	0.0	0.0	0.000458674195395	0.0	0.0	0.000147394381593	0.0	0.00126142572505	0.0
HM_MG8_282733	0.0	0.0	0.0	0.000588973951562	0.0	0.0	0.0	8.11334971161e-05	0.00056004157138	0.0	0.0	0.0	0.000260231630662	0.0	0.0	0.00121359649869	6.65703046939e-05	0.0	0.0	0.0	0.00154257433915	0.0
HM_MG8_413748	0.0	0.0	0.0	0.000445820694304	0.0	0.0	0.0	0.0	0.000254352289974	0.0	0.0	0.0	0.000105056390124	0.000816494345363	0.0	0.00209971313729	0.0	0.0	0.0	0.0	0.0022928259768	0.00025645221598
HM_MG8_50487	0.0	0.0	0.0	9.66840001926e-05	0.0	0.0	0.0	0.0	0.0	0.0	0.0	0.0	0.0	0.0	0.0	0.00250447585194	0.0	0.0	0.0	0.0	0.00220995178187	0.0
HM_MG8_517542	0.0	0.0	0.0	0.00036895613655	0.0	0.0	0.0	0.0	0.0	0.0	0.0	0.0	0.000434717368612	0.00010558133639	0.0	0.00282375234564	0.0	0.0	0.0	0.0	0.00193265052976	0.0
HM_MG8_548814	0.0	0.0	0.0	3.99241658241e-05	3.53827115715e-05	0.0	0.0	0.0	3.79629566041e-05	2.85289371643e-05	0.0	0.0	0.0	0.000319894843588	0.0	0.00173931493103	0.0	0.0	0.0	0.0	0.00285177109343	7.65529864147e-05
HM_MG9_87741	0.0	0.0	0.0	0.0	0.0	0.0	0.0	0.0	0.000131561742427	0.000296603783972	0.0	0.0	0.0	0.00601813782765	0.0	0.000977453498194	0.000750639450214	0.0	0.0	0.0	0.00158125889903	0.00437737442933
