MPCode	MP0311	MP0313	MP0315	MP0317	MP0319	MP0321	MP0323	MP0528	MP0530	MP0532	MP0534	MP0536	MP0538	MP0540	MP0778	MP0780	MP0782	MP0784	MP0786	MP0788	MP0790	MP0878	MP0880	MP0882	MP0884	MP0886	MP0888	MP1154	MP1162	MP1164	MP1166	MP1174	MP1176	MP1178	MP1409	MP1411	MP1413	MP1415	MP1417	MP1419	MP1421	MP1517	MP1519	MP1521	MP1523	MP1525	MP1527	MP1529	MP1672	MP1674	MP1676	MP1678	MP1680	MP1682	MP1684	MP1845	MP1847	MP1849	MP1851	MP1853	MP1855	MP1857	MP2231	MP2233bis	MP2235	MP2237	MP2239	MP2241	MP2243	MP2809	MP2811	MP2813	MP2815	MP2817	MP2819	MP2821
MP-RGC-v4_001193594	0.0	0.0	0.0	0.00010416989786	0.0	0.000737234066039	6.58439549158e-05	0.0	0.0	0.0	0.0	0.0	0.0	0.00184961085925	0.0	0.0	0.0	0.0	0.0	0.0	0.00121871679222	0.000273587371204	0.0	0.0	0.0	0.0	0.00177739534636	0.0	0.0	0.0	0.0	0.0	0.0	0.0	0.0	0.0	0.0	0.0	0.0	0.0	0.0	7.51813604094e-05	0.0	0.0	0.000121082601008	0.0	0.0	0.00298683137261	0.0	0.0	0.0	0.0	0.0	0.0	0.0	0.0	0.0	0.0	0.0	0.0	0.0021109098557	0.0	0.0	0.0	0.0	0.0	0.0	0.0	0.0	0.0	0.0	0.0	0.000450872126603	0.0	0.00117998402061	0.0
MP-RGC-v4_005565479	0.0	0.0	0.0	0.0	0.0	0.0	0.000790130061669	0.0	0.0	0.0	0.0	0.0	0.0	5.96647755562e-05	0.0	0.0	0.0	0.0	0.0	0.0	0.0	0.0	0.0	0.0	0.0	0.0	0.0	0.0	0.0	0.0	0.0	0.00275192520202	0.0	0.0	0.0	0.0	0.0	0.0	0.0	0.0	0.0	0.0	0.0	0.0	0.0	0.0	0.0	0.0	0.0	0.0	0.0	0.0	0.0	0.0	0.0	0.0	0.0	0.0	0.0	9.31843946959e-05	0.0	0.0	0.0	0.0	0.0	0.0	0.0	0.0	0.0	0.0	0.0	0.0	0.0	0.0	0.0	0.0
MP-RGC-v4_006478459	0.0	0.0	0.000246512216096	0.0	0.0	0.0	0.00162068840868	0.0	0.0	0.0	0.0	0.0	0.0	0.000893923115222	0.0	0.0	0.0	0.0	0.0	0.0	0.0	0.0	0.0	0.0	0.0	0.0	0.000345841797585	0.0	0.0	0.0	0.0	0.000504864804199	0.0	0.0	0.0	0.0	0.0	0.0	0.0	0.0	0.0	0.0	0.0	0.0	0.0	0.000195136893738	0.00179814624859	0.00336035452703	0.0	0.0	0.0	0.0	0.0	0.0	0.0	0.0	0.0	0.0	0.0	0.0	0.000418340472655	0.0	0.0	0.0	0.0	0.0	0.0	0.000528146054224	0.0	0.0	0.0	0.0	8.04187362828e-05	0.0	0.000420930835175	0.0
MP-RGC-v4_007222296	0.0	0.00703836778402	0.000242959937276	0.0	0.0	0.0	0.0	0.0	0.00274461428571	0.00263977203484	0.00838867842145	0.0	0.0	0.0	0.0	0.000340492689411	0.0	0.0	0.0	0.0	0.0	0.00360710745291	0.00225125966721	0.0	0.0	0.0	0.0	0.000815115825202	0.000116928573167	0.0	0.0	0.0	0.0	0.0	0.00296498169115	0.000869164417233	0.0	0.0	0.0	0.0	0.0	0.0	0.000182459922504	0.000737714549015	0.0	0.0	0.0	0.0	0.0	0.00381383521761	0.0	0.0	0.0	0.0	0.0	0.000239149322844	0.000320060972562	0.0	0.0	0.0	0.0	0.0	0.00546701072265	0.000428774200748	0.0	0.0	0.0	0.0	0.0	0.000353856165813	0.00228536875496	0.0	0.0	0.0	0.0	0.0
MP-RGC-v4_007337955	0.0	0.00676651026476	0.0	0.0	0.0	0.0	0.0	0.0	0.00242131428571	0.00303758796612	0.00519970720055	0.0	0.0	0.0	0.0	0.000333759858219	0.000326413034058	0.0	0.0	0.0	0.0	0.00254576586861	0.00234466545582	0.0	0.0	0.0	0.0	0.00223719983029	0.0	0.0	0.0	0.0	0.0	0.0	0.0034347826087	0.00127796661288	0.0	0.0	0.0	0.0	0.0	0.0	0.00125196398724	0.00108469070384	0.0	0.0	0.0	0.0	0.0	0.00338238741634	0.000170889820511	0.0	0.0	0.0	0.0	0.00117210217088	0.000156866076932	0.0	0.0	0.0	0.0	0.0	0.0036537969035	0.000735517491491	0.0	0.0	0.0	0.0	0.0	0.000231239793225	0.0022401665345	0.0	0.0	0.0	0.0	0.0
MP-RGC-v4_007515495	0.0	0.00189494300489	0.0	0.0	0.0	0.0	0.0	0.0	0.00137230714286	0.000573864057254	0.00160371906664	0.0	0.0	0.0	0.0	0.000170246344705	0.0	0.0	0.0	0.0	0.0	0.000721419988585	0.000984927935318	0.0	0.0	0.0	0.0	0.0	0.0	0.0	0.0	0.0	0.0	0.0	0.000808632518204	0.000434581454617	0.0	0.0	0.0	0.0	0.0	0.0	0.000547378817809	0.0	0.0	0.0	0.0	0.0	0.0	0.00145289068703	0.0	0.0	0.0	0.0	0.0	0.000956597291376	0.000320060972562	0.0	0.0	0.0	0.0	0.0	0.000869750236053	0.0	0.0	0.0	0.0	0.0	0.0	0.0	0.00114268239492	0.0	0.0	0.0	0.0	0.0
MP-RGC-v4_007516727	0.0	0.000655970748616	0.0	0.0	0.0	0.0	0.0	0.0	0.0018622	0.000111246400707	0.000239145231093	0.0	0.0	0.0	0.0	0.000165015330084	0.0	0.0	0.0	0.0	0.0	0.000699253507165	0.000272761893602	0.0	0.0	0.0	0.0	0.000158014255409	0.0	0.0	0.0	0.0	0.0	0.0	0.000914416992859	0.000280819748767	0.0	0.0	0.0	0.0	0.0	0.0	0.0	0.0	0.0	0.0	0.0	0.0	0.0	0.000352062615798	0.0	0.0	0.0	0.0	0.0	0.000231801185023	0.0	0.0	0.0	0.0	0.0	0.0	0.000843026399183	0.0	0.0	0.0	0.0	0.0	0.0	0.0	0.0	0.0	0.0	0.0	0.0	0.0
MP-RGC-v4_007647303	0.0	0.000265353454228	0.0053585032121	0.00376953871141	0.0	0.0	0.0	0.0	0.000134517142857	0.0048376405367	0.00773911312589	0.000719782907812	0.000132422968203	0.0	0.0	0.000166879929109	0.000163206517029	0.0	0.000269475712596	0.0	0.0	0.0	0.00413765526131	0.00122216675486	0.0	0.0	0.0	0.00431458633857	0.0118054872556	0.00045481857877	0.0	0.0	0.0	0.0	0.000264214262665	0.00184595780616	9.80435439031e-05	0.0	0.0	0.0	0.0	0.0	0.00572325634402	0.00711075272946	0.00137705571879	0.0	0.0	0.0	0.0	0.000534060573978	0.00239246111686	0.000111625866872	0.000107419744918	0.0	0.0	0.0	0.0083138920819	0.00206077732147	0.0	0.0	0.0	0.0	0.00194868909498	0.00283699157507	0.000454608876175	0.0	0.0	0.0	0.0	0.0	0.00634716494845	0.00842236135957	0.00101000841598	0.0	0.0	0.0
MP-RGC-v4_007675294	0.0	0.000918359611672	0.00600510900905	0.00511188507246	0.000926448229886	0.0	0.0	0.0	0.000133014142857	0.00723101186422	0.0107615225571	0.00409250305764	0.000130943367038	0.0	0.0	0.000330031014621	0.000161382962128	0.0	0.000799394245812	0.0	0.0	0.000139850851633	0.00640988985236	0.00297479008377	0.000536661255151	0.0	0.0	0.00237021637675	0.00612012805219	0.00251852853665	0.0014032535461	0.0	0.0	0.0001556047629	0.000914416992859	0.00224655799014	0.00174506721088	0.000440002457328	0.0	0.0	0.0	0.0	0.00300651496733	0.00357524094766	0.00297092412619	0.0	0.0	0.0	0.0	0.0	0.000675920582204	0.00154530259024	0.000637316616852	0.00138002074996	0.0	0.0	0.0038778383061	0.0015582862366	0.00235378878847	0.0	0.0	0.0	0.0026495156054	0.00342870055236	0.000899058550893	0.0	0.0	0.0	0.0	0.0	0.00719920697859	0.00523489649885	0.000998721101008	0.0	0.0	0.0
MP-RGC-v4_007680710	0.0	0.0	0.00570955789367	0.00175797504261	0.0	0.0	0.0	0.0	0.0	0.00436137495968	0.00493451822933	0.000550727144168	0.0	0.0	0.0	0.000340492689411	0.000832493283647	0.0	0.000183274506811	0.0	0.0	0.0	0.00211055776892	0.000479544524207	0.0	0.0	0.0	0.00195628341112	0.00876963994449	0.00027839561034	0.0	0.0	0.0	0.0	0.000269544172735	0.00115888588964	0.000200042690101	0.0	0.0	0.0	0.0	0.0	0.00419656967026	0.00602466433719	0.000638561761304	0.0	0.0	0.0	0.0	0.000181611335879	0.00156903322989	0.000683265959339	0.0	0.0	0.0	0.0	0.00640121945125	0.00210235977188	0.0	0.0	0.0	0.0	0.00111825048827	0.00375177146683	0.000115944889018	0.0	0.0	0.0	0.0	0.0	0.0047611816019	0.00711930743675	0.000792599712867	0.0	0.0	0.0
MP-RGC-v4_007687178	0.0	0.0	0.000941978602863	0.000425990232074	0.0	0.0	0.0	0.0	0.0	0.000222493040372	0.000478289177978	0.00097864432044	0.000130943367038	0.0	0.0	0.0	0.0	0.0	0.000177643377724	8.00869595135e-05	0.0	0.0	0.000136380800328	0.000278886570353	8.94436065668e-05	0.0	0.0	0.0	0.000226671860165	8.99473511341e-05	0.0	0.0	0.0	0.0	0.0	0.0	0.000387791672307	0.0	0.0	0.0	0.0	0.0	0.0	0.0	0.000742729702062	0.0	0.0	0.0	0.0	0.0	0.0	0.000331136269338	0.0	0.0	0.0	0.0	0.0	0.000599339572847	0.000117689313025	0.0	0.0	0.0	0.0	0.0	0.000112382349036	0.0	0.0	0.0	0.0	0.0	0.000184595360825	0.00107077561973	0.000230474100233	0.0	0.0	0.0
MP-RGC-v4_007706153	0.0	0.0	0.00327053720471	0.000876464331057	0.000953069590655	0.0	0.0	0.0	0.0	0.00251774854535	0.000246017028599	0.00100676502064	0.0	0.0	0.0	0.0	0.0	0.000147285112403	0.000365495859885	0.0	0.0	0.0	0.000280599660183	0.00124323325912	0.000276041076283	0.0	0.0	0.000487663979635	0.00104933296005	0.000185064144673	0.000169832446809	0.0	0.0	0.0	0.0	0.000288889056444	0.000797871742277	0.0	0.0	0.0	0.0	0.0	0.000909677480626	0.000367796848801	0.000764073281306	0.000287658040943	0.0	0.0	0.0	0.000181089348508	0.000695344912071	0.000681302827337	0.000437087316617	0.000912647949353	0.0	0.0	0.000159570526596	0.000616562174131	0.000242142450863	0.0	0.0	0.0	0.000371678760364	0.000748198404285	0.000346834679123	8.38538374668e-05	0.000201074802323	0.0	0.0	0.0	0.00170909793814	0.00122393815487	0.000316128979026	0.000504936267119	0.0	0.0
MP-RGC-v4_008820074	0.0	0.0	0.000115173630431	0.0	9.06197886609e-05	0.0	0.00500414259791	0.0	0.0	0.0	0.0	0.0	0.0	0.000596647755562	0.0	0.0	0.0	0.0	0.0	0.0	0.0	0.0	0.0	0.0	0.0	0.0	0.000565535931304	0.0	0.0	0.0	0.0	0.0	0.0	0.0	0.0	0.000137340642106	0.0	0.0	0.0	0.0	0.0	0.0	0.0	0.0	0.000121082601008	0.0	0.00369651462264	0.00605025269301	0.0	0.0	0.0	0.0	0.0	0.0	0.000146718056529	0.0	0.0	0.0	0.0	0.0	0.00046909031599	0.0	0.0	0.0	0.0	0.0	0.0	0.00296108411755	0.0	0.0	0.0	0.0	0.000225436063301	0.0	0.000196664483297	0.0
MP-RGC-v4_009636781	0.0	0.00347908300573	0.000480382163994	0.0	0.0	0.0	0.0	0.0	0.00379867142857	0.00363088282734	0.00561002452837	0.00018148410029	0.0	0.0	0.0	0.0	0.0001646014386	0.0	0.000181186324265	0.0	0.0	0.00142639911082	0.00194740157019	9.48160424924e-05	0.0	0.0	0.0	0.00145048960543	0.0012715509896	0.000183482746629	0.000168381205674	0.0	0.0	0.0	0.00119912594526	0.000572839413086	0.0	0.0	0.0	0.0	0.0	0.0	0.0009019032062	0.00133705794263	0.000252514724065	0.0	0.0	0.0	0.0	0.000718166521723	0.0	0.0	0.0	0.0	0.0	0.00023642401912	0.000632826894564	0.000122258583622	0.000240073311003	0.0	0.0	0.0	0.000982673030409	0.000847775484015	0.0	0.0	0.0	0.0	0.0	0.000466432141059	0.00150621332276	0.00145617173524	7.835673856e-05	0.0	0.0	0.0
MP-RGC-v4_009941281	0.0	0.0024335573685	0.00087364813597	0.000197545436869	0.0	0.0	0.0	0.0	0.00271404285714	0.00350801103982	0.00144169053153	0.0	0.0	0.0	0.0	0.000612180770935	0.0	0.0	0.0	7.42775307283e-05	0.0	0.000648531046292	0.000379463030232	8.62187122475e-05	0.0	0.0	0.0	0.00278448875689	0.00168182924751	0.0	0.0	0.0	0.0	0.0	0.00230194873522	0.00208358843666	0.0	0.0	0.0	0.0	0.0	0.0	0.00196829889075	0.00198953013606	0.0	0.0	0.0	0.0	0.0	0.000979572352252	0.000313446216947	0.000204744235671	0.0	0.000182845285735	0.0	0.000644958673571	0.00129475402735	0.000222346383099	0.0	0.0	0.0	0.0	0.000446785146094	0.000867267756514	0.0	0.0	0.0	0.0	0.0	0.000424138947213	0.00205446074544	0.000220690007667	0.0	0.0	0.0	0.0
MP-RGC-v4_009959940	0.0	0.00141546547181	0.00103940260003	0.000313366274348	9.0868042427e-05	0.0	0.0	0.0	0.000652315714286	0.00218225264944	0.00175918529839	0.000261784321969	0.0	0.0	0.0	0.000323700487373	0.000158287893232	0.000280850016914	8.71181363758e-05	0.0	0.0	0.000823012106101	0.000668826165925	0.000455896125161	0.000175456056254	0.0	0.0	0.000929902418328	0.0010004601115	8.82223037984e-05	0.0	0.0	0.0	0.0	0.000896879778891	0.000275433172983	0.000380355264939	0.0	0.0	0.0	0.0	0.0	0.000867309299499	0.000584444956418	0.000849899623755	0.0	0.0	0.0	0.0	0.000172655121564	0.0011601767663	0.000541308754668	0.000312547628283	9.6682335006e-05	0.0	0.000227355606453	0.000304276408949	0.000470276915947	0.0	0.0	0.0	0.0	0.000354368605539	0.000611443396753	0.0	0.0	0.0	0.0	0.0	0.000224270330669	0.0012673850119	0.000933547150524	0.000150702156801	0.0	0.0	0.0
MP-RGC-v4_010184750	0.0	0.00148888982824	0.00242959937276	0.000769115510872	0.0	0.0	0.0	0.0	0.000137230714286	0.00206591634109	0.00431770024015	0.0	0.0	0.0	0.0	0.000170246344705	0.000166498830055	0.0	9.16372534056e-05	0.0	0.0	0.000288568295833	0.00225125966721	0.00038363601873	0.0	0.0	0.0	0.0011411624947	0.00327399761424	0.0	0.0	0.0	0.0	0.0	0.000404315557613	0.00202804879888	0.000100021345051	0.0	0.0	0.0	0.0	0.0	0.00200706579547	0.000614761484212	0.000383136790885	0.0	0.0	0.0	0.0	0.000363222671759	0.000348674252736	0.000341632386936	0.0	0.0	0.0	0.000239149322844	0.00240045312943	0.00086567452399	0.0	0.0	0.0	0.0	0.000869750236053	0.00139351671037	0.00034783406356	0.0	0.0	0.0	0.0	0.000117952259918	0.00190447065821	0.00233218757986	0.000317039885147	0.0	0.0	0.0
MP-RGC-v4_010209124	0.0	0.0	0.000238155698316	0.000430804424161	0.000562150006965	0.0	0.0	0.0	0.0	0.0	0.0	0.00170948631708	0.0	0.0	0.0	0.0	0.0	0.0	0.000269475712596	0.000161983812284	0.0	0.0	0.0	0.000564075120558	0.000633179953698	0.0	0.0	0.0	0.000114616452029	0.000818673441787	0.0	0.0	0.0	0.0	0.0	0.0	0.0	0.0	0.0	0.0	0.0	0.0	0.0	0.0	0.00137705571879	0.0	0.0	0.0	0.0	0.0	0.0	0.000111625866872	0.0	0.000199373266425	0.0	0.0	0.0	0.000242444996588	0.000595095746698	9.63432102808e-05	0.0	0.0	0.0	0.0	0.0	0.0	0.0	0.0	0.0	0.0	0.000186681205393	0.00324861998467	0.000388463505998	0.0	0.0	0.0
MP-RGC-v4_010267591	0.0	0.0006767651576	0.00145776215287	0.00186785849089	0.00047790790233	0.0	6.94492441385e-05	0.0	0.000823384285714	0.00183636211573	0.00172708009606	0.00477297049381	0.0	0.0	0.0	0.000170246344705	0.0	0.0	0.00109964894875	0.0	0.0	0.000288568295833	0.000703519744551	0.00210999510778	0.000738231875426	8.55362628556e-05	0.0	0.000978140008485	0.00105235654989	0.00287676301248	0.0021290248227	0.0	0.0	0.00016053728849	0.000404315557613	0.000434581454617	0.000600128070303	0.000181580439673	0.0	0.0	0.0	0.0	0.000364919845008	0.000737714549015	0.00217111823125	0.0	0.0	0.0	0.0	0.000363222671759	0.000348674252736	0.0011387765989	0.00065752013507	0.000610185479261	0.0	0.000239149322844	0.000480090625885	0.000742007286584	0.0013356253555	0.000491433044119	0.0	0.0	0.000248500252221	0.000750354293366	0.000231889778035	0.0	0.0	0.0	0.0	0.0	0.00152357652657	0.00368239202658	0.0012681562402	0.000303834515915	0.0	0.0
MP-RGC-v4_010394516	0.0	0.000265353454228	0.000595389245789	0.000753907742282	0.00103060635609	0.0	0.0	0.0	0.0	0.0	0.000362770807382	0.0028791278092	0.000132422968203	0.0	0.0	0.0	0.0	0.0	0.000988075704964	0.0	0.0	0.0	0.0	0.000940125200931	0.000271362837299	0.000167689773385	0.0	0.0	0.0	0.00163735074771	0.000667815602837	0.0	0.0	0.000314725715479	0.0	0.0	0.000490217719516	0.000266984859082	0.0	0.0	0.0	0.0	0.0	0.0	0.00225337357246	0.000188521948045	0.0	0.0	0.0	0.0	0.0	0.000223251733744	0.000859357959342	0.000199373266425	0.0	0.0	0.0	0.000121222498294	0.00107117234406	0.000289029630842	0.0	0.0	0.0	0.0	0.000568261095219	0.0	0.0	0.0	0.0	0.0	0.000373362410785	0.00144382826476	0.000466156207198	0.000595654145009	0.0	0.0
MP-RGC-v4_011330150	0.0	0.0	0.0	0.0	0.0	0.0	0.000790130061669	0.0	0.0	0.0	0.0	0.0	0.0	0.00465385472079	0.0	0.0	0.0	0.0	0.0	0.0	0.000716892184413	0.0	0.0	0.0	0.0	8.10958550376e-05	0.00250451968881	0.0	0.0	0.0	0.0	0.00110077526072	0.0	0.0	0.0	0.0	0.0	0.0	0.0	0.0	0.0	0.0	0.0	0.0	0.000121082601008	0.000729362830973	0.00120976466508	0.0	0.0	0.0	0.0	0.0	0.0	0.0	0.0	0.0	0.0	0.0	0.0	0.000745474543669	0.0	0.0	0.0	0.0	0.0	0.0	0.0	0.0	0.0	0.000335487039697	0.0	0.0	0.000300581692767	0.0	6.55548517588e-05	0.0
MP-RGC-v4_011700407	0.0	0.0	0.00100365597653	0.00147511695204	0.00118453364112	0.0	0.0	0.0	0.0	0.00023706106551	0.000254803580372	0.00407608737196	0.000139516925197	0.0	0.0	0.0	0.0	0.0	0.00104101003549	0.0	0.0	0.0	0.0	0.00217907527032	0.000381199627278	8.8336494368e-05	0.0	0.0	0.0	0.00210840836199	0.000879488475177	0.0	0.0	0.000165793189889	0.0	0.0	0.000619774887808	0.000281287450617	0.0	8.65032916249e-05	0.0	0.0	0.0	0.000126977562749	0.00250597604265	9.93105761049e-05	0.0	0.0	0.0	0.0	0.0	0.00117605713947	0.000339522918616	0.00105026890258	0.0	0.0	0.0	0.00102173230171	0.00150474625545	0.000406017230089	0.0	0.0	0.0	0.0	0.0009579256738	0.0	0.0	0.0	0.0	0.000121813705627	0.000196681800159	0.00278883209813	0.00040927408043	0.000313781905977	0.0	0.0
MP-RGC-v4_011912857	0.0	0.0	0.00115173630431	0.00156254789601	0.000996815983762	0.0	0.0	0.0	0.0	0.000217629066753	0.0	8.70229131631e-05	0.000128081201569	0.0	0.0	0.0	0.0	0.000420124857767	8.68801274469e-05	0.0	0.0	0.0	0.00013339978322	0.000272790263481	8.74885445585e-05	0.0	0.0	0.0	0.000221716532366	0.000879812782565	0.0	0.0	0.0	0.0	0.0	0.0	0.00161209275205	0.000172153753095	0.0	0.0	0.0	0.0	0.000345975155751	0.0	0.0	0.0	0.0	0.0	0.0	0.0	0.000826433277073	0.00194338213502	0.0027013392959	0.00154268563806	0.0	0.0	0.000303445116364	0.000703487518828	0.000115116855211	0.0	0.0	0.0	0.000235599446406	0.00213420744295	0.00142903525606	0.0	0.0	0.0	0.0	0.0	0.0	0.00069824686941	7.5145381937e-05	0.0	0.0	0.0
MP-RGC-v4_013094035	0.0	0.0	0.0	0.0	0.0	0.0	0.0	0.0	0.0	0.0	0.0	0.000533805037456	0.0	0.0	0.0	0.0	0.0	0.0	0.000799394245812	0.000320347321974	0.0	0.0	0.0	0.000185924380235	0.0	0.000165816303816	0.0	0.0	0.0	8.99473511341e-05	0.00173343085106	0.0	0.0	0.00521275120117	0.0	0.0	0.000290844535146	0.00360801844886	6.8371162333e-05	0.00600787374112	0.0	0.0	0.0	0.0	0.000123788372309	0.0	0.0	0.0	0.0	0.0	0.0	0.0	0.0	0.0	0.0	0.0	0.0	0.0	0.000117689313025	0.000190533682573	0.0	0.0	0.0	0.0	0.0	0.0	0.0	0.0	0.0	0.0	0.0	0.0	0.0	0.0	0.0	0.0
MP-RGC-v4_013398483	0.0	0.0	0.0	0.0	9.26448229886e-05	0.0	0.0	0.0	0.0	0.0	0.0	0.0	0.000392830523015	0.0	0.0	0.0	0.0	0.0	0.0	0.000240261136581	0.0	0.0	0.0	0.0	0.000804992363039	0.0106951605004	0.0	0.0	0.00011333580836	0.0	0.00321921985816	0.0	0.0	0.00529055358262	0.0	0.0	0.0	0.00149601156834	0.0	0.000405937132145	0.0	0.0	0.0	0.0	0.0	0.00233019670654	0.0	0.0	0.0	0.0	0.0	0.0	0.0	0.0	0.0	0.0	0.0	0.000119868043308	0.000235378878847	0.00628760129328	0.0	0.0	0.0	0.0	0.0	0.0	0.000260610873977	0.0	0.0	0.0017149224592	0.0	0.0	0.000768246175679	0.00991481196428	0.0	0.0
MP-RGC-v4_013488310	0.0	0.0	0.0	0.0	0.000356632703827	0.0	0.0	0.0	0.0	0.0	0.000115072365126	0.000513715410488	0.0	0.0	0.0	0.0	0.0	0.0	8.54787842943e-05	7.70728791254e-05	0.0	0.0	0.0	0.000268390259487	0.000172154391493	0.0	0.0	0.0	0.0	0.000346248889061	7.9437677305e-05	0.0	0.0	7.48742009609e-05	0.0	0.0	0.00018659843192	8.46886755004e-05	0.0	0.0	0.0	0.0	0.0	0.0	0.00107216719625	0.0	0.0	0.0	0.0	0.0	0.0	0.0	0.0	9.48630078977e-05	0.0	0.0	0.0	0.000115356798023	0.000339780066991	9.16813661292e-05	0.0	0.0	0.0	0.0	0.0	0.0	0.0	0.0	0.0	0.0	0.0	0.00148846153846	7.39333157313e-05	0.0	0.0	0.0
MP-RGC-v4_014047020	0.0	0.0	0.000221861247408	0.0	0.000261843545402	0.0	0.0	0.0	0.0	0.0	0.000112649834979	0.000335266969882	0.0	0.0	0.0	0.0	0.0	0.0	0.000167358911741	7.54503229802e-05	0.0	0.0	0.0	0.000437899739414	0.000337060874744	7.81080984818e-05	0.0	0.0	0.0	0.000254219637544	0.00147754432624	0.0	0.0	0.000732979318989	0.0	0.0	0.000182670942618	0.0009948679659	0.0	0.000229461568645	0.0	0.0	0.0	0.0	0.000349865057101	0.000965926222534	0.0	0.0	0.0	0.0	0.00031839531043	0.0	0.000400279495311	0.000185732283131	0.0	0.0	0.0	0.000451712862237	0.00033262718827	0.000807761725465	0.0	0.0	0.0	0.0	0.0	0.0	6.13807991043e-05	0.0	0.0	0.000215418523839	0.000173908207772	0.000224174546384	0.00021713064572	0.00138724709802	0.0	0.0
MP-RGC-v4_014351889	0.0	0.0	0.0	0.0	0.0	0.0	0.0	0.0	0.0	0.0	0.0	0.0	0.000264845936406	0.0	0.0	0.0	0.0	0.0	0.0	0.000161983812284	0.0	0.0	0.0	0.0	0.000180908558199	0.000167689773385	0.0	0.0	0.0	0.0	0.0017530141844	0.0	0.0	0.00243912262377	0.0	0.0	0.0	0.00106793565582	0.0	0.000492629376117	0.0	0.0	0.0	0.0	0.000250374250502	0.0	0.0	0.0	0.0	0.0	0.0	0.0	0.0	0.0	0.0	0.0	0.0	0.0	0.000238038298679	0.000289029630842	0.0	0.0	0.0	0.0	0.0	0.0	0.0	0.0	0.0	0.0	0.0	0.0	0.0	0.00019855138167	0.0	0.0
MP-RGC-v4_014352532	6.627379892e-05	0.0	0.0	0.0	0.00113715149947	0.0	0.0	0.0	0.0	0.0	0.0	0.0	0.000133936321319	0.0	0.0	0.0	0.0	0.0	0.0	0.000163834819931	0.0	0.0	0.0	0.0	0.000823392155544	0.0106004185032	0.0	0.00016162596521	0.0	0.0	0.00439040780142	0.0	0.0	0.004456511385	0.0	0.0	0.0	0.00198026576943	0.0	8.30432053015e-05	0.0	0.0	0.0	0.0	0.000379852958773	0.00257413283948	0.0	0.0	0.0	0.0	0.0	0.0	0.0	0.0	0.0	0.0	0.0	0.000122607850458	0.000481516779372	0.00555431980028	0.0	0.0	0.0	0.0	0.0	0.0	0.000199925827444	0.0	0.0	0.00152024164733	0.0	0.0	0.00133587187907	0.0126516884733	0.0	0.0
MP-RGC-v4_016411987	0.0	0.0	0.0	0.0	0.0	0.0	0.0	0.0	0.0	0.0	0.0	0.0	0.0	5.96647755562e-05	0.000114829944838	0.0	0.0	0.0	0.0	7.8336415479e-05	0.0150547461056	0.0	0.0	0.0	0.0	0.0	0.0	0.0	0.0	0.0	0.0	0.00212291940051	5.61929353694e-05	0.0	0.0	0.000274680681013	0.0	0.000172153753095	0.00595202778614	0.000873540567642	0.000442143991567	0.0	0.0	0.0	0.0	9.11704289504e-05	0.0	0.0	0.0	0.0	0.0	0.0	0.0	0.0	0.0	0.0	0.0	0.0	0.0	0.0	0.0	0.0	0.0	0.0	0.0	0.0	0.0	0.0	0.0	0.0	0.0	0.0	0.0	0.0	0.0	0.0
MP-RGC-v4_017508451	0.0	0.0	0.0	0.0	0.0	0.0	0.0	0.0	0.0	0.0	0.0	0.0	0.0	0.0	0.0	0.0	0.0	0.0	0.0	0.0	0.0	0.00153836102016	0.0	0.0	0.0	0.0	0.0	0.00979687738651	0.00124669523091	0.0	0.000412720744681	0.0	0.0	7.78022978901e-05	0.00026126239881	0.00126368736145	0.000193896356764	0.0	0.0	0.0	0.0	0.0	0.0183927784531	0.0042902891372	0.000371365515774	0.000745661945042	0.000412267081891	7.82969079794e-05	0.000253762085482	0.016194861421	0.00253470898895	0.00231795388537	0.0025492710306	0.000394290584175	0.00022499577121	0.00440422724557	0.00186136238693	0.000958944088984	0.00305992542501	0.000381066341982	0.000239786764643	0.000132104650833	0.00553988333139	0.00093509903476	0.000112382349036	0.000978140402175	0.000130305786859	0.000420451384499	0.0	0.00480177060694	0.0055378667724	0.00107077561973	0.0	0.000687164862044	0.00154145642738	0.0
MP-RGC-v4_017625609	0.0	0.000410794549887	0.0	0.0	0.0	0.0	0.0	0.0	0.00111064857143	0.000348333870987	0.000124801525639	0.0	0.0	0.0	0.0	0.0	0.0	0.0	0.0	0.0	0.0	0.000875799813752	0.000142344885165	0.0	0.0	0.0	0.0	0.0	0.0	0.0	0.0	0.0	0.0	0.0	0.000272686841478	0.0	0.0	0.0	0.0	0.0	0.0	0.0	0.0	0.000124386207426	0.0	0.0	0.0	0.0	0.0	0.000367457556623	0.0	0.0	0.0	0.0	0.0	0.0	0.0	0.0	0.0	0.0	0.0	0.0	0.0	0.0	0.0	0.0	0.0	0.0	0.0	0.000119327734188	0.0	0.0	0.0	0.0	0.0	0.0
MP-RGC-v4_023335750	0.0	0.0	0.0	0.0	0.0	0.0	0.0	0.0	0.0	0.0	0.0	0.0	0.0	0.0	0.0	0.0	0.0	0.0	0.0	0.0	0.00566344723357	0.0	0.0	0.0	0.0	0.0	0.0	0.0	0.0	0.0	0.0	0.0	0.0	0.0	0.0	0.0	0.0	0.0	0.0	0.0	0.0	0.0	0.0	0.0	0.0	0.0	0.0	0.0	0.0	0.0	0.0	0.0	0.0	0.0	0.0	0.0	0.0	0.0	0.0	0.0	0.0	0.0	0.0	0.0	0.0	0.0	0.0	0.000329009446742	0.0	0.0	0.0	0.0	0.0	0.0	0.0	0.0
MP-RGC-v4_023602685	0.0	0.0	0.0	0.0	0.0	0.0	0.0	0.0	0.0	0.0	0.0	0.0	0.00128081201569	0.0	0.0	0.0	0.0	0.0	0.0	0.00125337817497	0.0	0.0	0.0	0.0	0.00306209473674	0.00356822047104	0.0	0.0	0.0	0.0	8.07399822695e-05	0.0	0.0	0.000456609985377	0.0	0.0	0.0	0.0	0.0	0.0	0.0	0.0	0.0	0.0	0.0	0.0047408579008	6.72093366492e-05	0.0	0.0	0.0	0.0	0.0	0.0	0.0	0.0	0.0	0.0	0.0	0.0	0.00232961242531	0.0	0.0	0.0	0.0	0.0	0.0	0.0	0.0	0.0	0.00402584693213	0.0	0.0	0.000601162560438	0.00403287330388	0.0	0.0
MP-RGC-v4_024847365	0.0	0.00121817784729	0.000728879811827	0.000659242356655	0.0	0.0	0.0	0.0	0.000274461428571	0.00126250642197	0.00148035803722	0.0	0.0	0.0	0.0	0.000170246344705	0.0	0.0	9.16372534056e-05	0.0	0.0	0.000432851692751	0.000562816381533	0.000191818009365	0.0	0.0	0.0	0.00065209333899	0.00105235654989	9.27986977858e-05	0.0	0.0	0.0	0.0	0.000269544172735	0.000434581454617	0.0	0.0	0.0	0.0	0.0	0.0	0.000182459922504	0.000614761484212	0.000127712485209	0.0	0.0	0.0	0.0	0.000726445343517	0.000174337126368	0.00022775531978	0.000109586689178	0.0	0.0	0.000239149322844	0.000480090625885	0.000247335762195	0.0	0.0	0.0	0.0	0.000745500756664	0.000750354293366	0.0	0.0	0.0	0.0	0.0	0.0	0.000761788263283	0.00098197291081	0.0	0.0	0.0	0.0
MP-RGC-v4_025280357	0.0	0.0	0.0	0.0	0.0	0.0	0.0	0.0	0.0	0.0	0.0	0.0	0.000132422968203	0.0	0.0	0.0	0.0	0.0	0.0	8.09919061422e-05	0.0	0.0	0.0	0.0	9.04542790997e-05	0.00209612216731	0.0	0.0	0.0	0.0	0.0	0.0	0.0	0.000629451430959	0.0	0.0	0.0	0.0	0.0	0.0	0.0	0.0	0.0	0.0	0.0	0.000565565844136	0.0	0.0	0.0	0.0	0.0	0.0	0.0	0.0	0.0	0.0	0.0	0.0	0.00011901914934	0.000385372841123	0.0	0.0	0.0	0.0	0.0	0.0	0.0	0.0	0.0	0.00138743384782	0.0	0.0	0.000233078103599	0.00277971301753	0.0	0.0
MP-RGC-v4_027914340	0.0	0.00135353172423	0.00036443927361	0.000109873726109	0.0	0.0	0.0	0.0	0.00137230714286	0.00114772930929	0.0019738021549	0.0	0.0	0.0	0.0	0.000170246344705	0.0	0.0	0.0	0.0	0.0	0.000144284147917	0.000984927935318	0.0	0.0	0.0	0.0	0.000489069155706	0.000584642257224	9.27986977858e-05	0.0	0.0	0.0	0.0	0.000808632518204	0.000434581454617	0.0	0.0	0.0	0.0	0.0	0.0	0.000182459922504	0.000245904849672	0.0	0.0	0.0	0.0	0.0	0.00108966801528	0.000348674252736	0.00011387765989	0.0	0.0	0.0	0.000239149322844	0.000800151598447	0.000123667881097	0.0	0.0	0.0	0.0	0.000497000504443	0.0	0.0	0.0	0.0	0.0	0.0	0.0	0.00114268239492	0.000368239202658	0.0	0.0	0.0	0.0
MP-RGC-v4_028557287	0.0	0.0	0.0	0.0	0.0	0.0	0.0	0.0	0.000129752142857	0.00010851822646	0.000116640126366	0.0	0.0	0.0	0.0	0.0	0.0	0.0	0.0	0.0	0.0	0.0	0.0	0.0	0.0	0.0	0.0	0.00154139159949	0.000884451152713	0.0	0.0	0.0	0.0	0.0	0.000764565006945	0.000821798139128	0.0	0.0	0.0	0.0	0.0	0.0	0.00138013219875	0.00116251967899	0.0	0.0	0.0	0.0	0.0	0.0	0.000164836391354	0.0	0.0	0.0	0.0	0.000452233120892	0.00332880203908	0.0	0.0	0.0	0.0	0.0	0.000469915796826	0.000202703788428	0.0	0.0	0.0	0.0	0.0	0.0	0.000180068398097	0.0	0.0	0.0	0.0	0.0
MP-RGC-v4_028592542	0.0	0.000135353172423	0.0	0.0	0.0	0.0	0.0	0.0	0.000137230714286	0.0	0.000370088225096	0.0	0.0	0.0	0.0	0.0	0.000166498830055	0.0	0.0	0.0	0.0	0.000721419988585	0.000140704095383	0.0	0.0	0.0	0.0	0.0	0.000116928573167	0.0	0.0	0.0	0.0	0.0	0.000404315557613	0.0	0.0	0.0	0.0	0.0	0.0	0.0	0.000182459922504	0.0	0.0	0.0	0.0	0.0	0.0	0.0	0.000174337126368	0.0	0.0	0.0	0.0	0.0	0.0	0.0	0.0	0.0	0.0	0.0	0.0	0.0	0.0	0.0	0.0	0.0	0.0	0.0	0.000190447065821	0.0	0.0	0.0	0.0	0.0
MP-RGC-v4_029911859	0.0	0.000661515266799	0.00273106884516	0.00225535005547	0.00018685498796	0.0	0.0	0.0	0.000938967142857	0.00392652066382	0.00446157007281	0.00143551253631	0.0	0.0	0.0	0.000499229065131	0.000325492677008	0.000288761263339	0.000268716373488	0.0	0.0	0.0012692931599	0.00563887098664	0.000374990764684	9.01994255468e-05	0.0	0.0	0.00239024183284	0.00525750419943	0.000816366552031	0.0	0.0	0.0	0.0	0.00276643236949	0.00198234132071	0.000293301819015	0.0	0.0	0.0	0.0	0.0	0.00445870688345	0.00384580629472	0.000499337915631	9.39953951649e-05	0.0	0.0	0.0	0.0017751862215	0.00170408341046	0.0007791796574	0.0	9.94057676428e-05	0.0	0.000467518920534	0.00375417728689	0.000967048160974	0.0	0.0	0.0	0.0	0.00437220131155	0.00282900184121	0.000339995896247	0.0	0.0	0.0	0.0	0.000345882295158	0.00242002379064	0.00107982366471	7.74738031981e-05	0.0	0.0	0.0
MP-RGC-v4_030760895	0.0	0.0	0.0	0.000108006153565	0.0	0.0	0.0	0.0	0.0	0.0	0.0	0.000992508790705	0.0	0.0	0.0	0.0	0.0	0.0	0.0	0.0	0.0	0.000141831686143	0.0	0.000377115386535	0.000181420570803	0.0	0.0	0.0	0.0	0.000364885621546	0.00016742641844	0.0	0.0	0.0	0.0	0.0	0.000196642059121	0.0	0.0	0.0	0.0	0.0	0.0	0.0	0.000251082866905	0.0	0.0	0.0	0.0	0.0	0.0	0.000111942030704	0.0	9.99689809227e-05	0.0	0.0	0.0	0.000243131171389	0.000238712001517	0.0	0.0	0.0	0.000122138191507	0.0	0.0	0.0	6.60756420125e-05	0.0	0.0	0.0	0.0	0.000603301814465	7.79127543359e-05	9.95568746112e-05	0.0	0.0
MP-RGC-v4_031612528	0.0	0.0	0.0	0.0	0.0	0.0	0.0	0.0	0.0	0.0	0.0	9.1001089283e-05	0.0	0.0	0.0	0.0	0.0	0.0	0.000363406723395	0.000327669639862	0.0	0.0	0.0	0.000380347247876	9.14880066091e-05	8.48030808958e-05	0.0	0.0	0.0	9.20032651957e-05	0.00126646276596	0.0	0.0	0.00318322122415	0.0	0.000143619049055	9.91640028738e-05	0.00261034345878	0.0	0.00440129049135	0.0	0.0	0.0	0.0	0.0	0.0	0.0	0.0	0.0	0.0	0.0	0.0	0.0	0.0	0.0	0.0	0.0	0.0	0.000120379321241	0.0	0.0	0.0	0.0	0.0	0.0	0.0	0.0	0.0	0.0	0.0	0.0	0.0	0.0	0.0	0.0	0.0
MP-RGC-v4_035042205	0.0	0.0	0.0	0.0	0.0	0.0	0.0	0.0	0.0	0.0	0.0	0.0	0.0	0.0	0.0	0.0	0.0	0.0	0.0	0.0	0.0	0.0	0.0	0.0	0.000184557968857	0.000171072525711	0.0	0.0	0.0	0.0	0.000681287234043	0.0	0.0	0.00152510549405	0.0	0.000144860736206	0.0	0.000453950626619	0.0	0.000335044687623	0.0	0.0	0.0	0.0	0.0	0.0	0.0	0.0	0.0	0.0	0.0	0.0	0.0	0.0	0.0	0.0	0.0	0.0	0.0	0.000589720266841	0.0	0.0	0.0	0.0	0.0	0.0	0.0	0.0	0.0	0.0	0.0	0.0	0.0	0.000101278347689	0.0	0.0
MP-RGC-v4_035132834	0.0	0.0	0.0	0.0	0.0	0.0	0.0	0.0	0.0	0.0	0.0	0.0	0.00013666966684	0.0	0.0	0.0	0.0	0.0	0.0	0.0	0.0	0.0	0.0	0.0	0.0	0.000346135078581	0.0	0.0	0.0	0.0	0.000430770390071	0.0	0.0	0.00146168372676	0.0	0.0	0.0	0.000459245222388	0.0	8.47379343419e-05	0.0	0.0	0.0	0.0	0.0	0.00019456729566	0.000215148071346	0.0	0.0	0.0	0.0	0.0	0.0	0.0	0.0	0.0	0.0	0.0	0.0	0.000198865310633	0.0	0.0	0.0	0.0	0.0	0.0	0.0	0.0	0.0	0.000119327734188	0.0	0.0	8.01842439644e-05	0.000307378042995	0.0	0.0
MP-RGC-v4_035197285	0.0	0.0	0.0	0.0	0.0	0.0	0.0	0.0	0.0	0.0	0.0	0.0	0.0	0.0	0.0	0.0	0.0	0.0	0.0	0.0	0.0	0.0	0.0	0.0	0.0	8.55362628556e-05	0.0	0.0	0.0	0.0	0.0	0.0	0.0	0.000722417380405	0.0	0.0	0.0	9.07902198363e-05	0.0	0.00117265553473	0.0	0.0	0.0	0.0	0.0	9.61624705941e-05	0.0	0.0	0.0	0.0	0.0	0.0	0.0	0.0	0.0	0.0	0.0	0.0	0.0	0.0	0.0	0.0	0.0	0.0	0.0	0.0	0.0	0.0	0.0	0.0	0.0	0.0	0.0	0.000101278347689	0.0	0.0
MP-RGC-v4_037069781	0.0	0.0	0.000454485558197	0.000822127669309	0.00125157708304	0.0	0.0	0.0	0.0	0.000214697062021	0.000115382629801	0.000686800565663	0.000631774649472	0.0	0.0	0.0	0.0	0.0	0.000428545808372	0.000618245155297	7.07230736534e-05	0.0	0.0	0.00125586317755	0.000863094746347	0.00064002315124	0.0	0.0	0.00043745770139	8.67955678349e-05	0.00310641843972	0.0	0.0	0.00337842490077	0.0	0.0	0.00046775439656	0.00254751148328	0.0	0.00101845053843	0.0	0.0	0.0	0.000114998656069	0.00191121687916	0.00242842985134	0.000397821546908	0.0	0.0	0.0	0.00016305929112	0.000958597593504	0.00102497547286	0.000951187829512	0.0	0.0	0.000449034601096	0.000809674678476	0.000567826581558	0.00340135671605	0.0	0.0	0.0	0.000200518886347	0.00021688935559	0.0	0.000251479252677	0.0	0.0	0.00176515514299	0.000356254956384	0.00103325453616	0.000889593887688	0.00341015719723	0.0	0.0
MP-RGC-v4_037533312	0.0	0.0	0.0	0.0	0.0	0.0	0.000126836515591	0.0	0.0	0.0	0.0	0.0	0.0	5.74665889259e-05	0.0	0.0	0.0	0.0	0.0	0.0	0.0	0.0	0.0	0.0	0.0	0.0	7.78143157484e-05	0.0	0.0	0.0	0.0	0.000151459872919	0.0	0.0	0.0	0.000264562001418	0.0	0.0	0.00380035687274	0.00122379561407	0.000121672943151	0.0	0.0	0.0	0.0	0.0	6.47331911534e-05	0.0	0.0	0.0	0.0	0.0	0.0	0.0	0.0	0.0	0.0	0.0	0.0	0.0	0.0	0.0	0.0	0.0	0.0	0.0	0.0	0.0	0.0	0.0	0.0	0.000112087017634	0.0	0.0	6.31396612658e-05	0.0
MP-RGC-v4_037557932	0.0	0.0	0.0	0.0	0.0	0.0	0.0	0.0	0.0	0.0	0.0	0.0	0.0	0.0	0.000405227423168	0.0	0.0	0.0	0.0	0.0	0.000433689911131	0.0	0.0	0.0	0.0	0.0	0.00032583363642	0.0	0.0	0.0	0.0	0.0	0.0	0.0	0.0	0.0	0.0	0.0	0.00242746157744	0.00024020752496	0.000891593672194	0.0	0.0	0.0	0.0	0.0	6.77647979101e-05	0.0	0.0	0.0	0.0	0.0	0.0	0.0	0.0	0.0	0.0	0.0	0.0	0.0	0.0	0.0	0.0	0.0	0.0	0.0	0.0	0.0	0.0	0.0	0.0	0.0	0.0	0.0	0.0	0.0
MP-RGC-v4_038160860	0.0	0.0	0.0	0.0	0.0	0.0	0.0	0.0	0.0	0.0	0.0	0.0	0.0	0.0	0.0	0.0	0.0	0.0	0.0	0.0	0.0	0.0	0.0	0.0	0.0	0.000580356172922	0.0	0.0	0.0	0.0	0.0	0.0	0.0	0.00202286191769	0.0	0.0	0.0	0.000264002041472	0.0	0.00503362253128	0.0	0.0	0.0	0.0	0.0	0.000279623604785	0.0	0.0	0.0	0.0	0.0	0.0	0.0	0.0	0.0	0.0	0.0	0.0	0.0	0.000381066341982	0.0	0.0	0.0	0.0	0.0	0.0	0.0	0.0	0.0	0.000114328041159	0.0	0.0	7.68246175679e-05	9.8166454048e-05	0.0	0.0
MP-RGC-v4_038384302	0.0	0.0	0.0	0.0	9.21301068635e-05	0.0	0.0	0.0	0.0	0.0	0.0	0.0	0.0	0.0	0.0	0.0	0.0	0.0	0.0	7.96420123687e-05	0.0	0.0	0.0	0.0	0.0	0.00098936823828	0.0	0.0	0.0	0.0	0.0	0.0	0.0	0.00232110298726	0.0	0.0	0.0	0.000175023155587	0.0	0.00766996555783	0.0	0.0	0.0	0.0	0.0	9.26899244206e-05	0.0	0.0	0.0	0.0	0.0	0.0	0.0	0.0	0.0	0.0	0.0	0.0	0.0	0.00132632806745	0.0	0.0	0.0	0.0	0.0	0.0	0.0	0.0	0.0	0.0	0.0	0.0	0.0	0.0	0.0	0.0
MP-RGC-v4_038402755	0.0	0.0	0.0	0.0	0.0	0.0	6.78841663112e-05	0.0	0.0	0.0	0.0	0.0	0.0	6.15135216582e-05	0.0	0.0	0.0	0.0	0.0	0.0	0.0	0.0	0.0	0.0	0.0	0.0	0.0	0.0	0.0	0.0	8.32417553191e-05	0.000162125319428	0.0	0.000627678295383	0.0	0.0	0.0	8.87442111033e-05	0.000896338015758	0.00270182674282	0.0	0.0	0.0	0.0	0.0	9.39953951649e-05	0.0	0.0	0.0	0.0	0.0	0.0	0.0	0.0	0.0	0.0	0.0	0.0	0.0	0.0	0.0	0.0	0.0	0.0	0.0	0.0	0.0	0.0	0.0	0.0	0.0	0.0	0.0	0.0	0.0	0.0
MP-RGC-v4_038412708	0.0	0.0	0.0	0.0	0.0	0.0	0.0	0.0	0.0	0.0	0.0	9.0741859043e-05	0.0	0.0	0.0	0.0	0.0	0.0	0.0	8.16841417156e-05	0.0	0.0	0.0	0.0	0.0	0.0	0.0	0.0	0.0	0.000183482746629	8.41904255319e-05	0.0	0.0	0.000555476916649	0.0	0.0	9.88815193511e-05	0.000538533731546	6.97346952263e-05	0.00198735667263	0.0	0.0	0.0	0.0	0.0	0.0	0.0	0.0	0.0	0.0	0.0	0.0	0.0	0.0	0.0	0.0	0.0	0.0	0.0	0.000291499549808	0.0	0.0	0.0	0.0	0.0	0.0	0.0	0.0	0.0	0.0	0.0	0.0	0.0	0.0	0.0	0.0
MP-RGC-v4_038435106	0.0	0.0	0.0	0.0	0.0	0.0	0.0	0.0	0.0	0.0	0.0	0.0	0.0	0.0	0.0	0.0	0.0	0.0	0.0	0.0	0.000215067576609	0.0	0.0	0.0	0.0	0.000162191353902	0.0	0.0	0.0	0.0	0.0	7.86265453415e-05	0.0	0.000684914978066	0.0	0.0	0.0	0.0	0.000200630034586	0.0034941709901	0.0	0.0	0.0	0.0	0.0	0.0	0.0	0.0	0.0	0.0	0.0	0.0	0.0	0.0	0.0	0.0	0.0	0.0	0.0	0.0	0.0	0.0	0.0	0.0	0.0	0.0	0.0	0.0	0.0	0.0	0.0	0.0	0.0	0.0	0.0	0.0
MP-RGC-v4_039735389	0.0	0.000128326640459	0.0	0.00010416989786	0.0	0.0	0.0	0.0	0.0	0.0	0.000116958866815	0.000174045444122	0.0	0.0	0.0	0.000322816127603	0.0	0.000140041670511	0.000173759873316	0.0	0.0	0.000410381807804	0.00013339978322	9.09301211074e-05	0.0	0.0	0.0	0.0	0.0	0.0	0.0	0.0	0.0	0.0	0.000127775720078	0.0	0.000284486833748	0.0	0.0	0.0	0.0	0.0	0.0	0.000116569647634	0.0	0.0	0.0	0.0	0.0	0.000344366090672	0.0	0.0	0.0	0.0	0.0	0.0	0.0	0.0	0.0	0.0	0.0	0.0	0.00306279668361	0.00345538135357	0.0	0.0	0.0	0.0	0.0	0.0	0.0	0.0	0.0	0.0	0.0	0.0
MP-RGC-v4_042769672	0.0	0.0	0.00123980980323	0.00112135790184	0.000620769735926	0.0	0.0	0.0	0.0	0.000319461868406	0.0	0.000766452950619	0.0	0.0	0.0	0.0	0.0	0.0	0.00059515205861	0.0	0.0	0.0	0.0	0.000444925568346	0.00034246822736	0.00023808378968	0.0	0.0	0.000216974219149	0.000602695235519	0.0015802570922	0.0	0.0	0.000893687069146	0.0	0.0	0.000464002873773	0.000842358656409	0.0	0.000233142956795	0.0	0.0	0.00033857506458	0.000342228877881	0.0024883470492	0.00115986786125	6.57717199596e-05	0.0	0.0	0.0	0.000161751329377	0.000528282852232	0.000813402085377	0.000566134154862	0.0	0.0	0.00014847751845	0.000688439306358	0.000901234911205	0.00127667389703	0.0	0.0	0.0	9.94550019528e-05	0.000107574561562	0.0	6.23655447484e-05	0.0	0.0	0.000656621357793	0.000353396114195	0.00159439049323	0.000367690060892	0.00103363451381	0.0	0.0
MP-RGC-v4_043485047	0.0	0.0	0.0	0.0	0.0	0.0	0.0	0.0	0.0	0.0	0.0	0.0	0.0	0.0	0.0	0.0	0.0	0.0	0.0	0.0	0.0	0.0	0.0	0.0	0.0	0.00157525488625	0.0	0.0	0.0	0.0	0.0	0.0	0.0	7.78022978901e-05	0.0	0.0	0.0	0.0	0.0	0.0	0.0	0.0	0.0	0.000119174570262	0.0	0.00521963061214	0.00687112295124	0.0	0.0	0.0	0.0	0.0	0.0	0.0	0.0	0.0	0.0	0.0	0.0	0.00200060366702	0.0	0.0	0.0	0.0	0.0	0.0	0.0	0.0	0.0	0.0044587861151	0.0	0.0	0.000614596775524	0.00196333118958	0.0	0.0
MP-RGC-v4_043532693	0.0	0.0	0.0	0.0	0.0	0.0	0.0	0.0	0.0	0.0	0.0	0.0	0.0	0.0	0.0	0.0	0.0	0.0	0.0	0.0	0.0	0.0	0.0	0.0	0.0	0.000494685009572	0.0	0.0	0.0	0.0	0.0	0.0	0.0	7.73700438688e-05	0.0	0.0	0.0	8.75116723059e-05	0.0	0.0	0.0	0.0	0.0	0.0	0.0	0.00593215876671	0.00498805245408	0.0	0.0	0.0	0.0	0.0	0.0	0.0	0.0	0.0	0.0	0.0	0.0	0.00037894941475	0.0	0.0	0.0	0.0	0.0	0.0	0.0	0.0	0.0	0.00272862563082	0.0	0.000118314081268	0.000458387102097	0.000878589125874	0.0	0.0
MP-RGC-v4_044365237	0.0	0.0	0.0	0.0	0.0	0.0	0.0	0.0	0.0	0.0	0.0	0.0	0.0	0.0	0.0	0.0	0.0	0.0	0.0	0.0	0.0	0.0	0.0	0.0	0.0	0.000678424825253	0.0	0.0	0.0	0.0	0.0	0.0	0.0	0.000238741591811	0.0	0.0	0.0	0.0	0.0	0.0	0.0	0.0	0.0	0.0	0.0	0.0045762350468	0.00372493339926	0.0	0.0	0.0	0.0	0.0	0.0	0.0	0.0	0.0	0.0	0.0	0.000120379321241	0.000974442375379	0.0	0.0	0.0	0.0	0.0	0.0	0.0	0.0	0.0	0.00327435812429	0.0	0.0	0.000707225366755	0.00140573964934	0.0	0.0
MP-RGC-v4_044384009	0.0	0.0	0.0	0.0	0.0	0.0	0.0	0.0	0.0	0.0	0.0	0.0	0.0	0.0	0.0	0.0	0.0	0.0	0.0	0.0	0.0	0.0	0.0	0.0	0.0	0.000234324384489	0.0	0.0	0.0	0.0	7.77653368794e-05	0.0	0.0	0.000659681637769	0.0	0.0	0.0	0.000165811957734	0.0	0.00244759122815	0.0	0.0	0.0	0.0	0.0	0.00114154862606	0.00135940048262	0.0	0.0	0.0	0.0	0.0	0.0	0.0	0.0	0.0	0.0	0.0	0.0	0.000538507816976	0.0	0.0	0.0	0.0	0.0	0.0	0.0	0.0	0.0	0.000430835819796	0.0	0.0	0.00021713064572	0.000277449419604	0.0	0.0
MP-RGC-v4_044477781	0.0	0.0	0.0	0.0	0.0	0.0	0.0	0.0	0.0	0.0	0.0	0.0	0.0	0.0	0.0	0.0	0.0	0.0	0.0	0.0	0.0	0.0	0.0	0.0	0.0	0.0	0.0	0.0	0.0	0.0	0.0	0.0	0.0	0.0	0.0	0.0	0.0	0.0	0.0	0.0	0.0	0.0	0.0	0.0	0.0	0.0	0.00203236685386	0.0	0.0	0.0	0.0	0.0	0.0	0.0	0.0	0.0	0.0	0.0	0.0	0.0	0.0	0.0	0.0	0.0	0.0	0.0	0.0	0.0	0.0	0.0	0.0	0.0	0.0	0.0	0.0	0.0
MP-RGC-v4_044503032	0.0	0.0	0.0	0.0	0.0	0.0	0.0	0.0	0.0	0.0	0.0	0.0	0.0	0.0	0.0	0.0	0.0	0.0	0.0	0.0	0.0	0.0	0.0	0.0	0.0	8.55362628556e-05	0.0	0.0	0.0	0.0	0.0	0.0	0.0	0.0	0.0	0.0	0.0	0.0	0.0	0.0	0.0	0.0	0.0	0.0	0.0	0.0015385955253	0.00283557549683	0.0	0.0	0.0	0.0	0.0	0.0	0.0	0.0	0.0	0.0	0.0	0.0	0.00019657342228	0.0	0.0	0.0	0.0	0.0	0.0	0.0	0.0	0.0	0.000353856165813	0.0	0.0	0.000158519942573	0.000101278347689	0.0	0.0
MP-RGC-v4_044514541	0.0	0.0	0.0	0.0	0.0	0.0	0.0	0.0	0.0	0.0	0.0	0.0	0.0	0.0	0.0	0.0	0.0	0.0	0.0	0.0	0.0	0.0	0.0	0.0	0.0	0.0	0.0	0.0	0.0	0.0	0.0	0.0	0.0	0.0	0.0	0.0	0.0	0.0	0.0	0.0	0.0	0.0	0.0	0.0	0.0	0.000455851644226	0.00934211011815	0.0	0.0	0.0	0.0	0.0	0.0	0.0	0.0	0.0	0.000151722891366	0.0	0.0	0.0	0.0	0.0	0.0	0.0	0.0	0.0	0.0	0.0	0.0	0.0	0.0	0.0	0.0	0.0	0.0	0.0
MP-RGC-v4_044520313	0.0	0.0	0.0	0.0	0.0	0.0	0.0	0.0	0.0	0.0	0.0	0.0	0.0	0.0	0.0	0.0	0.0	0.0	0.0	0.0	0.0	0.0	0.0	0.0	0.0	8.29080628645e-05	0.0	0.0	0.0	0.0	0.0	0.0	0.0	0.0	0.0	0.0	0.0	0.0	0.0	0.0	0.0	0.0	0.0	0.0	0.0	0.000932077681566	0.00432880472884	0.0	0.0	0.0	0.0	0.0	0.0	0.0	0.0	0.0	0.0	0.0	0.0	9.52667389703e-05	0.0	0.0	0.0	0.0	0.0	0.0	0.0	0.0	0.0	0.000342984491841	0.0	0.0	0.000384122675292	0.0	0.0	0.0
MP-RGC-v4_045603427	0.0	0.0	0.0	0.0	0.0	0.0	0.000133882546866	0.0	0.0	0.0	0.0	0.0	0.0	0.000181977673541	0.0	0.0	0.0	0.0	0.0	0.0	0.0	0.0	0.0	0.0	0.0	0.0	0.00032854899804	0.0	0.0	0.0	0.0	0.0	0.0	0.0	0.0	0.0	0.0	0.0	0.0	0.0	0.0	7.64343734522e-05	0.0	0.0	0.0	0.0	6.83294836505e-05	0.00147937671861	0.0	0.0	0.0	0.0	0.0	0.0	0.0	0.0	0.0	0.0	0.0	0.0	0.000715362560198	0.0	0.0	0.0	0.0	0.0	0.0	0.00117072774236	7.20615451666e-05	0.0	0.0	0.0	0.0	0.0	0.000266589408979	0.0
MP-RGC-v4_051164651	0.0	0.0	0.000331917395923	0.000400274508458	8.70520984657e-05	0.0	0.0	0.0	0.0	0.0	0.000112354210276	0.000250790207919	0.0	0.0	0.0	0.0	0.0	0.0	8.34596672645e-05	0.0	0.0	0.0	0.0	0.000611450793239	8.40441310675e-05	0.0	0.0	0.0	0.000106494023419	0.000591621585069	7.75612588652e-05	0.0	0.0	0.0	0.0	0.0	0.000364381878573	8.268822184e-05	0.0	0.0	0.0	0.0	0.0	0.0	0.000116315593549	0.0	0.0	0.0	0.0	0.00016540458275	0.000158779513983	0.000829723193646	0.000299421615825	0.0002778663533	0.0	0.0	0.000145749579356	0.000112631924508	0.000331753776149	0.0	0.0	0.0	0.0	9.76277408916e-05	0.00126717842875	0.000995684108239	0.00012243929746	0.0	0.0	0.000107426357731	0.0	0.000558963710708	7.21869172759e-05	0.0	0.0	0.0
MP-RGC-v4_051909981	0.0	0.0	0.0	0.0	0.0	0.0	0.0	0.0	0.0	0.0	0.0	0.0	0.0	0.0	0.0	0.0	0.0	0.0	0.0	0.0	0.0	0.0	0.0	0.0	0.0	0.0	0.0	0.0	0.0	0.0	0.0	0.0	0.0	0.0	0.0	0.0	0.0	0.0	0.0	0.0	0.0	0.0	0.0	0.0	0.0	0.0	0.0	0.0	0.0	0.0	0.0	0.0	0.0	0.0	0.0	0.0	0.0	0.00248254953204	0.0	0.0	0.0	0.0	0.0	0.0	0.0	0.0	0.0	0.0	0.0	0.0	0.0	0.0	0.0	0.0	0.0	0.0
MP-RGC-v4_052194528	0.0	0.0	0.0	0.0	0.0	0.0	0.000329219413096	0.0	0.0	0.0	0.0	0.0	0.0	0.0	0.0	0.0	0.0	0.0	0.0	0.0	0.0	0.0	0.0	0.0	0.0	0.0	8.07908346566e-05	0.0	0.0	0.0	0.0	0.0	0.0	0.0	0.0	0.0	0.0	0.0	0.0	0.0	0.0	0.0	0.0	0.0	0.0	0.0	0.0	0.0	0.0	0.0	0.0	0.0	0.0	0.0	0.0	0.0	0.0	0.0	0.0	0.00410011664075	0.0	0.0	0.0	0.0	0.0	0.0	0.0	0.0	0.0	0.0	0.0	0.0	0.0	0.0	0.0	0.0
MP-RGC-v4_059172114	0.0	0.0	0.0	0.0	0.0	0.0	0.0	0.0	0.0	0.0	0.0	0.0	0.0	0.0	0.0	0.0	0.0	0.0	0.0	0.0	0.0	0.0	0.0	0.0	0.0	0.0	0.0	0.0	0.0	0.0	0.0	0.0	0.0	0.0	0.0	0.0	0.0	0.0	0.0	0.0	0.0	0.0	0.0	0.0	0.0	0.0	0.0	0.0	0.0	0.0	0.0	0.0	0.0	0.0	0.0	0.0	0.0	0.0	0.0	0.0	0.0	0.0	0.0	0.0	0.0	0.00213520209404	0.00891267231124	0.0	0.0	0.0	0.0	0.0	0.0	0.0	0.0	0.0
MP-RGC-v4_059182300	0.0	0.0	0.0	0.0	8.98829874032e-05	0.0	0.0	0.0	0.0	0.0	0.0	0.0	0.0	0.0	0.0	0.0	0.0	0.0	0.0	0.0	0.0	0.0	0.0	0.0	0.0	0.0	0.0	0.0	0.0	0.0	0.0	0.0	0.0	0.0	0.0	0.0	0.0	0.0	0.0	0.0	0.0	0.0	0.0	0.0	0.0	0.0	0.0	0.0	0.0	0.0	0.0	0.0	0.0	0.0	0.0	0.0	0.0	0.0	0.0	0.0	0.0	0.0	0.0	0.0	0.00218063753002	0.020007703823	0.00752207683157	0.0	0.0	0.0	0.0	0.0	0.0	0.0	0.0	0.0
MP-RGC-v4_059193945	0.0	0.0	0.0	0.0	0.0	0.0	0.0	0.0	0.0	0.0	0.0	0.0	0.0	0.0	0.0	0.0	0.0	0.0	0.0	0.0	0.0	0.0	0.0	0.0	0.0	0.0	0.0	0.0	0.0	0.0	0.0	0.0	0.0	0.0	0.0	0.0	0.0	0.0	0.0	0.0	0.0	0.0	0.0	0.0	0.0	0.0	0.0	0.0	0.0	0.0	0.0	0.0	0.0	0.0	0.0	0.0	0.0	0.0	0.0	0.0	0.0	0.0	0.0	0.0	0.0	0.0163738630295	0.00168456371143	0.0	0.0	0.0	0.0	0.0	7.63977953432e-05	0.0	0.0	0.0
MP-RGC-v4_059206276	0.0	0.0	0.0	0.0	0.0	0.0	0.0	0.0	0.0	0.0	0.0	0.0	0.0	0.0	0.0	0.0	0.0	0.0	0.0	0.0	0.0	0.0	0.0	0.0	0.0	0.0	0.0	0.0	0.0	0.0	0.0	0.0	0.0	0.0	0.0	0.0	0.0	0.0	0.0	0.0	0.0	0.0	0.0	0.0	0.0	0.0	0.0	0.0	0.0	0.0	0.0	0.0	0.0	0.0	0.0	0.0	0.0	0.0	0.0	0.0	0.0	0.0	0.0	0.0	0.000654192465993	0.0100433340045	0.00195952697502	0.0	0.0	0.0	0.0	0.0	0.0	0.0	0.0	0.0
MP-RGC-v4_059314263	0.0	0.0	0.0	0.0	0.0	0.0	0.0	0.0	0.0	0.0	0.0	0.0	0.0	0.0	0.0	0.0	0.0	0.0	0.0	0.0	0.0	0.0	0.0	0.0	0.0	0.0	0.0	0.0	0.0	0.0	0.0	0.0	0.0	0.0	0.0	0.0	0.0	0.0	0.0	0.0	0.0	0.0	0.0	0.0	0.0	0.0	0.0	0.0	0.0	0.0	0.0	0.0	0.0	0.0	0.0	0.0	0.0	0.0	0.0	0.0	0.0	0.0	0.0	0.000103322658037	0.00212340225224	0.0174276234581	0.00304516828773	0.0	0.0	0.0	0.0	0.0	0.0	0.0	0.0	0.0
MP-RGC-v4_059524102	0.0	0.0	0.0	0.0	0.0	0.0	0.0	0.0	0.0	0.0	0.0	0.0	0.0	0.0	0.0	0.0	0.0	0.0	0.0	0.0	0.0	0.0	0.0	0.0	0.0	0.0	0.0	0.0	0.0	0.0	0.0	0.0	0.0	0.0	0.0	0.0	0.0	0.0	0.0	0.0	0.0	0.0	0.0	0.0	0.0	0.0	0.0	0.0	0.0	0.0	0.0	0.0	0.0	0.0	0.0	0.0	0.0	0.0	0.0	0.0	0.0	0.0	0.00602161344147	0.000727299001283	0.0	0.0	0.0	0.0	7.24641414574e-05	0.0	0.0	0.0	0.0	0.0	0.0	0.0
MP-RGC-v4_059705514	0.0	0.0	0.0	0.00010416989786	0.0	0.0	0.0	0.0	0.0	0.0	0.0	0.0	0.0	0.0	0.0	0.0	0.0	0.0	0.0	0.0	0.0	0.0	0.0	0.0	0.0	0.0	0.0	0.0	0.0	0.0	0.0	0.0	0.0	0.0	0.0	0.0	0.0	0.0	0.0	0.0	0.0	0.0	0.0	0.0	0.0	0.0	0.0	0.0	0.0	0.0	0.0	0.000215931480055	0.000415591275183	9.64181964471e-05	0.0	0.0	0.0	0.000351743759414	0.000230233204828	0.0	0.0	0.0	0.0	0.0	0.00340770781282	0.000398649204668	0.0	0.0	0.0	0.0	0.0	0.0	0.0	0.0	0.0	0.0
MP-RGC-v4_059731200	0.0	0.0	0.0	0.0	0.0	0.0	0.0	0.0	0.0	0.0	0.0	0.0	0.0	0.0	0.0	0.0	0.0	0.0	0.0	0.0	0.0	0.0	0.0	0.0	0.0	0.0	0.0	0.0	0.0	0.0	0.0	0.0	0.0	0.0	0.0	0.0	0.0	0.0	6.78029563161e-05	0.0	0.0	0.0	0.0	0.0	0.0	0.0	0.0	0.0	0.0	0.0	0.0	0.0	0.0	0.0	0.0	0.0	0.0	0.0	0.0	0.0	0.0	0.0	0.0	0.0	0.00568386621767	0.00735591662362	0.000516891050311	0.0	0.0	0.0	0.0	0.0	0.0	0.0	0.0	0.0
MP-RGC-v4_059742705	0.0	0.0	0.0	0.0	0.0	0.0	0.0	0.0	0.0	0.0	0.0	0.0	0.0	0.0	0.0	0.0	0.0	0.0	0.0	0.0	0.0	0.0	0.0	0.0	0.0	0.0	0.0	0.0	0.0	0.0	0.0	0.0	0.0	0.0	0.0	0.0	0.0	0.0	0.0	0.0	0.0	0.0	0.0	0.0	0.0	0.0	0.0	0.0	0.0	0.0	0.0	0.0	0.0	9.85728048445e-05	0.0	0.0	0.0	0.0	0.000353068318271	0.0	0.0	0.0	0.0	0.0	0.00663055364449	0.00619488045943	0.000456069554265	0.0	0.0	0.0	0.0	0.0	0.0	0.0	0.0	0.0
MP-RGC-v4_059744108	0.0	0.0	0.0	0.0	0.0	0.0	0.0	0.0	0.0	0.0	0.0	0.0	0.0	0.0	0.0	0.0	0.0	0.0	0.0	0.0	0.0	0.0	0.0	0.0	0.0	0.0	0.0	0.0	0.0	0.0	0.0	0.0	0.0	0.0	0.0	0.0	0.0	0.0	0.0	0.0	0.0	0.0	0.0	0.0	0.0	0.0	0.0	0.0	0.0	0.0	0.0	0.0	0.000309999087362	9.58941540155e-05	0.0	0.0	0.0	0.00023322090194	0.00011449118372	9.26779282966e-05	0.0	0.0	0.0	0.0	0.0045917973229	0.000555076206568	0.00038029389126	0.0	0.0	0.0	0.0	0.0	0.0	0.0	0.0	0.0
MP-RGC-v4_059762434	0.0	0.0	0.0	0.0	9.47623927882e-05	0.0	0.0	0.0	0.0	0.0	0.0	0.0	0.0	0.0	0.0	0.0	0.0	0.0	0.0	0.0	0.0	0.0	0.0	0.0	0.0	0.0	0.0	0.0	0.0	0.0	0.0	0.0	0.0	0.0	0.0	0.0	0.0	0.0	0.0	0.0	0.0	0.0	0.0	0.0	0.0	0.0	0.0	0.0	0.0	0.0	0.0	0.000112901547033	0.0	0.000100825869699	0.0	0.0	0.0	0.000245215443439	0.0	0.0	0.0	0.0	0.0	0.0	0.00701200951105	0.00742034859799	0.000333209712406	0.0	0.0	0.0	0.0	0.0	0.0	0.0	0.0	0.0
MP-RGC-v4_059811674	0.0	0.0	0.0	0.0	0.0	0.0	0.0	0.0	0.0	0.0	0.0	0.0	0.0	0.0	0.0	0.0	0.0	0.0	0.0	0.0	0.0	0.0	0.0	0.0	0.0	0.0	0.0	0.0	0.0	0.0	0.0	0.0	0.0	0.0	0.0	0.0	0.0	0.0	0.0	0.0	0.0	0.0	0.0	0.0	0.0	0.0	0.0	0.0	0.0	0.0	0.0	0.0	0.0	0.0	0.0	0.0	0.0	0.0	0.0	0.0	0.0	0.0	0.0	0.0	0.0	0.00163023400362	0.0	0.0	0.0	0.0	0.0	0.0	0.0	0.0	0.0	0.0
MP-RGC-v4_059815684	0.0	0.0	0.0	0.0	0.0	0.0	0.0	0.0	0.0	0.0	0.0	0.0	0.0	0.0	0.0	0.0	0.0	0.0	0.0	0.0	0.0	0.0	0.0	0.0	0.0	0.0	0.0	0.0	0.0	0.0	0.0	0.0	0.0	0.0	0.0	0.0	0.0	0.0	0.0	0.0	0.0	0.0	0.0	0.0	0.0	0.0	0.0	0.0	0.0	0.0	0.0	0.0	0.0	9.72150585445e-05	0.0	0.0	0.0	0.0	0.000116068255072	0.0	0.0	0.0	0.0	0.0	0.00277085370122	0.00369788757671	0.000128510950948	0.0	0.0	0.0	0.0	0.0	0.0	0.0	0.0	0.0
MP-RGC-v4_059862107	0.0	0.0	0.0	0.0	0.0	0.0	0.0	0.0	0.0	0.0	0.0	0.0	0.0	0.0	0.0	0.0	0.0	0.0	0.0	0.0	0.0	0.0	0.0	0.0	0.0	0.0	0.0	0.0	0.0	0.0	0.0	0.0	0.0	0.0	0.0	0.0	0.0	0.0	0.0	0.0	0.0	0.0	0.0	0.0	0.0	0.0	0.0	0.0	0.0	0.0	0.0	0.0	0.0	0.0	0.0	0.0	0.0	0.0	0.0	0.0	0.0	0.0	0.0	0.0	0.0	0.00217649633631	0.0	0.0	0.0	0.0	0.0	0.0	0.0	0.0	0.0	0.0
MP-RGC-v4_059866557	0.0	0.0	0.0	0.0	0.0	0.0	0.0	0.0	0.0	0.0	0.0	0.0	0.0	0.0	0.0	0.0	0.0	0.0	0.0	0.0	0.0	0.0	0.0	0.0	0.0	0.0	0.0	0.0	0.0	0.0	0.0	0.0	0.0	0.0	0.0	0.0	0.0	0.0	0.0	0.0	0.0	0.0	0.0	0.0	0.0	0.0	0.0	0.0	0.0	0.0	0.0	0.0	0.0	0.0	0.0	0.0	0.0	0.0	0.0	0.0	0.0	0.0	0.0	0.0	0.00410306453754	0.00495996638332	0.000396453712127	0.0	0.0	0.0	0.0	0.0	0.0	0.0	0.0	0.0
MP-RGC-v4_059967495	0.0	0.0	0.0	0.0	0.0	0.0	0.0	0.0	0.0	0.0	0.0	0.0	0.0	0.0	0.0	0.0	0.0	0.0	0.0	0.0	0.0	0.0	0.0	0.0	0.0	0.0	0.0	0.0	0.0	0.0	0.0	0.0	0.0	0.0	0.0	0.0	0.0	0.0	0.0	0.0	0.0	0.0	0.0	0.0	0.0	0.0	0.0	0.0	0.0	0.0	0.0	0.0	0.0	0.0	0.0	0.0	0.0	0.0	0.0	0.0	0.0	0.0	0.0	0.0	0.0	0.0018643514344	0.0	0.0	0.0	0.0	0.0	0.0	0.0	0.0	0.0	0.0
MP-RGC-v4_060096225	0.0	0.0	0.0	0.0	0.00280921772701	0.0	0.0	0.0	0.0	0.0	0.0	0.0	0.0	0.0	0.0	0.0	0.0	0.0	0.0	0.000313345833943	0.0	0.0	0.0	0.0	8.74885445585e-05	0.0	0.0	0.0	0.0	0.0	0.0	0.0	0.0	0.0	0.0	0.0	0.0	0.0	0.0	0.0	0.0	0.0	0.0	0.0	0.0	0.0	0.0	0.0	0.0	0.0	0.0	0.000323897812815	0.000831181409569	0.00163910944547	0.0	0.0	0.0	0.0	0.000575583644062	0.000745474543669	0.0	0.0	0.0	0.0	0.0	0.0	0.00248541739556	0.0	0.0	0.0	0.0	0.0	0.0	0.0	0.0	0.0
MP-RGC-v4_061139611	0.0	0.0	0.0	0.0	0.0	0.0	0.0	0.0	0.0	0.0	0.0	0.0	0.0	0.0	0.0	0.0	0.0	0.0	0.0	0.0	7.16892184413e-05	0.0	0.0	0.0	0.0	0.0	0.000242372415261	0.0	0.0	0.0	0.0	0.0	0.0	0.0	0.0	0.0	0.0	0.0	0.0	0.0	0.0	0.0	0.0	0.0	0.0	0.0	0.0	7.65854909644e-05	0.0	0.0	0.0	0.0	0.0	0.0	0.0	0.0	0.0	0.0	0.0	0.0	0.0	0.0	0.0	0.0	0.0	0.0	0.0	0.0050173942886	0.0	0.0	0.0	0.0	0.0	0.0	0.0	0.0
MP-RGC-v4_064893283	0.0	0.0	0.0	0.0	0.0	0.0	0.0	0.0	0.0	0.0	0.0	0.0	0.0	0.0	0.0	0.0	0.0	0.0	0.0	0.0	0.0	0.0	0.0	0.0	0.0	0.0	0.0	0.0	0.0	0.0	0.0	0.0	0.0	0.0	0.0	0.0	0.0	0.0	0.0	0.0	0.0	0.0	0.0	0.0	0.0	0.0	0.0	0.0	0.0	0.0	0.000159197292245	0.0	0.0	0.0	0.0	0.0	0.0	0.0	0.000110875687291	0.0	0.0	0.0	0.000340380013711	9.78846175305e-05	0.0	0.0	0.0	7.92219532901e-05	0.00013653796764	0.00183105561081	0.00504333862014	0.000112087017634	0.0	9.24831047244e-05	6.31396612658e-05	0.0
MP-RGC-v4_065780610	6.37248093303e-05	0.0	0.0	0.0	0.0	0.0	0.0	0.0	0.0	0.0	0.0	0.0	0.0	0.0	0.0	0.0	0.0	0.0	0.0	0.0	0.0	0.0	0.0	0.0	0.000175938289513	0.000326165353279	0.0	0.0	0.0	0.0	8.11835992908e-05	0.0	0.0	0.0	0.0	0.0	0.0	0.0	0.0	0.0	0.0	0.0	0.0	0.0	0.000243495486393	0.00155841633715	6.75786110148e-05	0.0	0.0	0.0	0.0	0.0	0.0	0.0	0.0	0.0	0.0	0.000117892168853	0.0	9.36963861832e-05	0.0	0.0	0.0	0.0	0.0	0.0	0.0	0.0	0.0	0.0029235274616	0.0	0.000117013927933	0.000151116355055	0.00154477116258	0.0	0.0
MP-RGC-v4_067812523	0.0	0.0	0.0	0.0	0.0	0.0	0.0	0.0	0.0	0.0	0.0	0.0	0.0	0.0	0.0	0.0	0.0	0.0	0.0	0.0	0.0	0.0	0.0	0.0	8.94436065668e-05	0.000497448021014	0.0	0.0	0.0	0.0	0.0	0.0	0.0	0.0	0.0	0.0	0.0	0.0	0.0	0.0	0.0	0.0	0.0	0.0	0.0	0.00130491015566	0.0	0.0	0.0	0.0	0.0	0.0	0.0	0.0	0.0	0.0	0.0	0.0	0.0	9.52667389703e-05	0.0	0.0	0.0	0.0	0.0	0.0	0.0	0.0	0.0	0.0017149224592	0.0	0.0	0.0	0.00206149774905	0.0	0.0
MP-RGC-v4_067859991	0.0	0.0	0.0	0.0	0.0	0.0	0.0	0.0	0.0	0.0	0.0	0.0	0.0	0.0	0.0	0.0	0.0	0.0	0.0	0.0	0.0	0.0	0.0	0.0	0.0	0.0023843551044	0.0	0.0	0.0	0.0	0.0	0.0	0.0	0.000308622519323	0.0	0.0	0.0	0.0	0.0	0.0	0.0	0.0	0.0	0.0	0.0	0.00619302267381	0.0	0.0	0.0	0.0	0.0	0.0	0.0	0.0	0.0	0.0	0.0	0.0	0.0	0.000661325407219	0.0	0.0	0.0	0.0	0.0	0.0	0.0	0.0	0.0	0.00623579032674	0.0	0.0	0.00114279113517	0.00535428944955	0.0	0.0
MP-RGC-v4_067950009	0.0	0.0	0.000119754413476	0.0	0.0	0.0	0.0	0.0	0.0	0.0	0.0	0.0	0.00013317535545	0.0	0.0	0.0	0.0	0.0	0.0	0.0	0.0	0.0	0.0	0.0	0.000181936425902	0.00286692489204	0.0	0.0	0.0	0.0	0.0	0.0	0.0	0.00158256945895	0.0	0.0	0.0	0.0	0.0	0.0	0.0	0.0	0.0	0.0	0.0	0.00132715351119	0.0	0.0	0.0	0.0	0.0	0.0	0.0	0.0	0.0	0.0	0.0	0.0	0.0	0.00116268314644	0.0	0.0	0.0	0.0	0.0	0.0	0.0	0.0	0.0	0.000930214511118	0.0	0.0	0.000234402382878	0.00349438581324	0.0	0.0
